1.0
1226
114.4443130493 776.5218505859 0.0323486663 -0.0004898552 0.0022355097
204.3924713135 721.4924926758 0.0136409942 0.0006413553 0.0021522688
159.4678192139 57.4509124756 0.0115651963 0.0002351403 0.0027230624
223.1842193604 781.1352539062 0.0022305483 0.0001710001 0.0008040505
224.4522399902 777.9039916992 0.0011418705 0.0001124986 0.0002605900
235.2519989014 700.1937255859 0.0001538169 -0.0000010459 0.0000462572
221.5813903809 785.5791015625 0.0095093604 0.0010788315 0.0081778597
229.5081481934 716.6323242188 0.0140422732 0.0006515374 0.0053943382
217.9001922607 526.3864135742 0.0008262066 -0.0000685724 0.0001606658
255.7184295654 553.3653564453 0.0156448148 0.0019611386 0.0054557263
234.9500274658 419.2539367676 0.0030368376 0.0002668876 0.0015614068
246.3718719482 537.4955444336 0.0142510710 -0.0008494536 0.0052447179
253.5201568604 717.4906005859 0.0081063164 0.0006444214 0.0014398656
204.9002380371 353.0803222656 0.0025997106 -0.0000552636 0.0007200276
114.6525421143 772.3449707031 0.0318397470 -0.0006151351 0.0023580440
232.5035552979 386.5368041992 0.0145450206 -0.0022209645 0.0023696909
245.1087036133 722.7978515625 0.0020729976 0.0006409881 0.0011553868
223.4011840820 509.4886474609 0.0086654061 -0.0008695749 0.0034776251
225.4310455322 417.4902954102 0.0056388946 0.0026621912 0.0063627344
210.5658721924 702.6286010742 0.0107273962 -0.0047466969 0.0091371359
15.3959503174 116.3740158081 0.0049578771 -0.0025516008 0.0161141194
292.4235839844 960.4896850586 0.0205564182 -0.0016310783 0.0036926938
203.5569000244 624.3866577148 0.0260196794 0.0039178152 0.0032887454
270.4585266113 455.5304565430 0.0089132786 0.0007462522 0.0015255202
239.5699768066 427.5939331055 0.0160915032 -0.0003736520 0.0018136862
211.4814605713 470.5006408691 0.0203951821 -0.0011869241 0.0016041957
253.6461181641 718.8981933594 0.0043804692 0.0006406725 0.0010871248
34.4396362305 81.4394378662 0.0064377859 -0.0045671687 0.0143493777
253.4388275146 409.8656311035 0.0002850534 -0.0000991219 0.0001964496
206.9384918213 456.9580383301 0.0023579523 -0.0000889648 0.0003062855
205.5692596436 702.4390869141 0.0255453624 0.0002135957 0.0026948671
214.7109832764 711.1067504883 0.0028780336 -0.0009304074 0.0010521703
201.2580108643 419.5967407227 0.0194048844 -0.0007353476 0.0040589371
210.0292816162 690.1739501953 0.0009155330 -0.0001376821 0.0001626556
206.6646423340 704.7759399414 0.0047290060 -0.0006339771 0.0009931426
209.7002258301 501.6635131836 0.0181260053 0.0018789475 0.0038065028
248.4147491455 717.5671386719 0.0042653903 0.0009327915 0.0033958785
253.3895568848 742.4904785156 0.0147877065 0.0009379417 0.0021375685
205.4593811035 693.4469604492 0.0173592493 -0.0037974981 0.0050686151
211.6030273438 512.5009765625 0.0245478284 -0.0009308915 0.0030458283
213.0813598633 633.5830078125 0.0010808541 0.0000261554 0.0001140609
23.6120643616 80.5235366821 0.0178517047 0.0156843178 0.0179485232
237.0932617188 405.9165039062 0.0004322591 -0.0001325281 0.0003191414
239.5058593750 540.4719238281 0.0033035385 -0.0000030635 0.0036524935
206.8662719727 625.1065673828 0.0066318656 0.0003960153 0.0003071870
227.3770599365 748.5221557617 0.0187126938 0.0019852493 0.0042865481
257.5491027832 389.5328979492 0.0196426846 0.0050271866 0.0050220354
292.4725646973 964.5070800781 0.0241993386 -0.0009707365 0.0031977431
209.6638946533 519.4910278320 0.0178055000 0.0022011239 0.0044961935
201.5552825928 363.4364013672 0.0127297211 0.0001783487 0.0009757723
261.5393676758 474.5064086914 0.0083757536 0.0010696744 0.0015524181
201.4979553223 446.4814147949 0.0233060326 0.0022675395 0.0032663608
237.4177703857 395.4746093750 0.0063262116 0.0006304202 0.0023510624
114.6117401123 780.6690063477 0.0377226844 -0.0004672655 0.0022958457
113.5912704468 848.6184082031 0.0314300284 0.0005020421 0.0024181744
203.6993713379 710.3239746094 0.0390296131 0.0015213853 0.0019462629
33.1624450684 83.2680053711 0.0016717700 -0.0012196158 0.0034832302
264.4715270996 384.6360778809 0.0160458423 -0.0008511328 0.0019591735
240.3892974854 720.4883422852 0.0118983705 0.0049134213 0.0081147123
225.5221862793 752.5173950195 0.0126786027 -0.0000945562 0.0026835951
224.5696411133 757.4398803711 0.0153021831 0.0019953996 0.0062691080
204.4144439697 429.5044555664 0.0104728853 0.0008102275 0.0029284549
249.1495361328 558.0500488281 0.0003755987 -0.0001085463 0.0001613496
244.5525054932 542.5826416016 0.0061894455 0.0012530549 0.0050970567
200.5312347412 351.5071105957 0.0283716060 0.0026620231 0.0028019254
259.3703002930 628.4891357422 0.0361886136 0.0070723547 0.0034461990
261.4879455566 552.7531738281 0.0094033685 0.0002497422 0.0027584389
265.6115112305 468.5607910156 0.0140171768 0.0061886618 0.0077562658
228.4210510254 525.5314331055 0.0106917312 -0.0029223470 0.0020425876
232.6098327637 542.1483764648 0.0005638574 -0.0001446389 0.0002592779
228.9375152588 738.7903442383 0.0001991435 -0.0000099296 0.0000895276
220.5746459961 403.8432922363 0.0001695195 -0.0000642761 0.0001288565
262.7199096680 474.9314880371 0.0050402563 0.0008160665 0.0010312434
211.6213989258 481.6185302734 0.0425462872 -0.0032864311 0.0019645803
226.4045104980 682.6902465820 0.0185348894 -0.0000401885 0.0042522475
260.6559753418 494.6990051270 0.0467657857 0.0009935348 0.0016781163
45.2525825500 114.9268417358 0.0011204818 -0.0000129957 0.0007448821
210.6755676270 525.6270751953 0.0178213604 0.0009413735 0.0043353988
263.5123596191 573.6513671875 0.0169155728 -0.0029695686 0.0055523915
201.4520416260 372.8971252441 0.0100163529 -0.0001757970 0.0005205013
263.5953674316 557.5446777344 0.0134845693 0.0017799707 0.0063268607
260.4817199707 548.5297851562 0.0129870148 0.0004550767 0.0022867543
222.4998779297 627.5299072266 0.0030098134 -0.0007617493 0.0042233602
202.6407012939 363.1986694336 0.0071034846 0.0001152787 0.0007119050
221.3869476318 760.4757080078 0.0138017461 0.0005926656 0.0022316815
36.4325942993 125.4599380493 0.0094118789 -0.0048891786 0.0056228815
264.3489379883 380.4736938477 0.0200777557 -0.0012643763 0.0036620863
221.4694824219 728.8300781250 0.0064650858 -0.0005118361 0.0007642027
264.8476562500 467.0608825684 0.0047251605 0.0009195688 0.0012049127
212.8001098633 540.8459472656 0.0043881396 0.0004576941 0.0004616175
162.8673400879 48.9575309753 0.0038852755 0.0000309831 0.0012070233
207.5236206055 465.5580139160 0.0169076342 -0.0026783657 0.0046169888
244.6791992188 385.7964172363 0.0005778047 -0.0001688068 0.0005580115
37.3658790588 125.1302337646 0.0031003705 -0.0016093382 0.0022996310
207.5611724854 450.4758605957 0.0109626977 0.0008281721 0.0067565930
202.4372100830 441.4567565918 0.0159754828 0.0015150406 0.0019608622
236.3777313232 545.5120239258 0.0028869333 0.0001214109 0.0042955005
252.9047698975 708.8604125977 0.0017316829 0.0005173855 0.0006011927
211.6024932861 450.5769042969 0.0287571028 -0.0000801527 0.0024247407
241.0315704346 550.8614501953 0.0010560207 -0.0001510721 0.0017875750
249.5995941162 389.5406799316 0.0064473879 0.0028313568 0.0132302595
259.6437683105 574.4700927734 0.0125264255 -0.0014881208 0.0025371616
206.3948669434 472.5616760254 0.0140587576 -0.0014133551 0.0024820098
209.3187255859 669.7385253906 0.0016008740 -0.0000667313 0.0001762996
210.5295410156 497.5753173828 0.0190670267 0.0007601193 0.0014947555
256.3412170410 393.3320617676 0.0168515872 0.0039844206 0.0054565668
254.4204101562 712.6117553711 0.0177960992 0.0017440668 0.0042727222
246.7420349121 398.9009399414 0.0017137253 0.0008751621 0.0030694874
204.3090515137 560.4615478516 0.0575006604 0.0028863412 0.0014397826
240.3252105713 436.4237060547 0.0219004825 -0.0043074088 0.0042810072
213.3134307861 521.4783325195 0.0186723992 0.0035126763 0.0050300071
258.4859008789 538.6284790039 0.0183067247 0.0026805929 0.0020836564
232.4865112305 52.5939102173 0.0107730366 0.0010578255 0.0074899029
199.4458007812 368.5377197266 0.0385003723 -0.0010211789 0.0018518413
219.7170410156 748.4183349609 0.0495643057 -0.0009157754 0.0014748980
207.5091552734 549.0082397461 0.0099247023 0.0009841248 0.0005741047
244.4434204102 529.7667236328 0.0005256704 -0.0002029810 0.0003244144
210.4510498047 613.7180175781 0.0020098852 0.0000644348 0.0001471470
222.9198150635 790.8018188477 0.0015257220 0.0001378526 0.0012179504
221.5510559082 719.5639038086 0.0109997038 -0.0005243752 0.0012496350
231.4375457764 750.4941406250 0.0157032367 0.0029790530 0.0014093188
230.4871520996 535.4608154297 0.0077887005 -0.0019055268 0.0019839576
252.7035675049 706.2198486328 0.0010087263 0.0002662066 0.0003383167
222.7542877197 628.9781494141 0.0020884252 -0.0004421925 0.0027592138
261.4376220703 479.4800720215 0.0312603787 0.0012129697 0.0022891643
240.5681457520 421.4937744141 0.0141509334 -0.0000830659 0.0020528026
20.5101585388 102.4699630737 0.0036164396 -0.0008485877 0.0036834122
228.5562438965 413.4633483887 0.0030559490 0.0010659418 0.0043458398
163.4986572266 55.4468994141 0.0092648892 0.0015098806 0.0035920811
276.6499023438 456.9889526367 0.0052397046 0.0003428104 0.0003677936
195.1178741455 455.0004272461 0.0028802326 -0.0002671570 0.0002926382
200.4128875732 623.5076904297 0.0213700011 0.0021718650 0.0015860805
236.6091003418 720.5123291016 0.0072964355 0.0016336115 0.0020019538
17.1476325989 761.0131835938 0.0070513650 0.0001133105 0.0002625648
235.4157409668 428.5308837891 0.0167687945 -0.0001903456 0.0017435850
210.9806518555 585.0650024414 0.0038601705 0.0000133825 0.0001898561
234.4410400391 731.5555419922 0.0133658210 0.0015832710 0.0010814816
211.4328613281 508.6439819336 0.0262566172 -0.0011456350 0.0028103827
213.4443359375 446.5162048340 0.0424213707 0.0004275077 0.0017563193
260.5381164551 490.5381469727 0.0439994782 0.0010629335 0.0016430969
258.4660339355 632.5708007812 0.0261469595 0.0037618047 0.0016924546
214.4822387695 581.4698486328 0.0207419675 0.0013619749 0.0014555324
261.4875793457 619.5336303711 0.0456569344 0.0055641271 0.0023533930
202.3093261719 341.5302124023 0.0179382600 0.0076651610 0.0074877869
266.5805664062 426.8440246582 0.0117637860 -0.0003201243 0.0004037775
201.4962615967 406.7063598633 0.0396125279 0.0014592352 0.0020708626
48.8067855835 98.9665298462 0.0019172429 0.0000748579 0.0009384873
204.5222930908 726.6611328125 0.0091759795 0.0003081526 0.0033774802
246.3915557861 713.3509521484 0.0041790730 0.0023143473 0.0082674725
203.6747436523 715.4929199219 0.0208417866 0.0007349542 0.0016908833
211.3863067627 497.0138854980 0.0083787628 0.0000763222 0.0005789938
258.9399108887 626.9552001953 0.0148727922 0.0009894720 0.0003894827
258.8931274414 575.2389526367 0.0100011146 -0.0004460647 0.0004717088
228.5455932617 430.1920776367 0.0005317664 -0.0000892918 0.0002774753
234.6135559082 745.5753173828 0.0195721444 0.0036798280 0.0013575256
219.4785308838 733.3536376953 0.0474869013 0.0004873659 0.0016125815
268.4026489258 450.4897155762 0.0094853546 0.0002705144 0.0012368190
201.4803009033 381.5563964844 0.0151247075 -0.0009652857 0.0009060151
212.9992675781 430.1658935547 0.0006026369 0.0000289989 0.0001905608
211.3542633057 363.3796691895 0.0123054208 -0.0023736609 0.0075690169
246.5525207520 449.4971008301 0.0137875006 -0.0055998024 0.0076378863
208.4579467773 605.5460205078 0.0432624929 0.0014948172 0.0019097830
214.5879211426 517.5217285156 0.0178219434 0.0042562252 0.0054639648
231.4913177490 713.5922851562 0.0109179132 -0.0009109428 0.0064672763
234.9812774658 732.8310546875 0.0060222824 0.0010594731 0.0009438438
207.5917358398 723.7068481445 0.0228058249 0.0039502205 0.0038281709
216.5503845215 440.4797058105 0.0237546284 0.0016439123 0.0014149533
257.2346191406 634.9361572266 0.0122148879 0.0005978571 0.0003899689
210.4845275879 473.7592163086 0.0012712912 -0.0000118957 0.0002308100
196.8153228760 351.1184082031 0.0076222178 0.0011816055 0.0007567144
264.9061889648 664.7799072266 0.0073755085 -0.0002507874 0.0002517137
240.3110809326 432.3888854980 0.0237209089 -0.0017113964 0.0035153229
203.4662475586 424.5340270996 0.0113657350 0.0000240441 0.0010004174
114.2511901855 740.3950195312 0.0234221127 0.0027689387 0.0034650934
259.2319641113 679.0145874023 0.0034727363 0.0000503013 0.0002102340
219.5099029541 707.4295043945 0.0070615932 -0.0020919810 0.0023156931
266.5519714355 441.4432067871 0.0121335303 -0.0002515448 0.0010047007
265.5410766602 474.6300048828 0.0120237116 0.0039400393 0.0041805571
202.4995422363 463.3958435059 0.0112099191 -0.0022077749 0.0030486530
266.6475219727 438.9704284668 0.0062695313 -0.0000766665 0.0003229084
256.7590026855 567.0973510742 0.0043208627 -0.0003687500 0.0004704695
257.1433105469 667.0892333984 0.0059850970 -0.0002622987 0.0003088064
222.0268859863 666.1500854492 0.0009878384 -0.0000373196 0.0003458195
197.4801177979 444.6387023926 0.0297046062 0.0013400381 0.0010708926
257.5231628418 459.5568237305 0.0092518562 0.0000341093 0.0078082168
221.4865417480 752.4724731445 0.0134193068 -0.0003452083 0.0008356447
228.7388763428 754.5206298828 0.0136945825 0.0032921962 0.0029839976
204.5166931152 435.5260314941 0.0108043449 0.0007000403 0.0010709597
206.2412719727 362.6861877441 0.0153888827 -0.0003837987 0.0049833106
210.4852905273 586.1294555664 0.0026721673 0.0000435072 0.0001246941
262.4726867676 633.4125976562 0.0323767290 0.0030578168 0.0012067650
268.3196411133 450.7406005859 0.0072338078 0.0002063291 0.0007212934
258.4300537109 668.5137329102 0.0225325432 -0.0048354785 0.0041458560
208.3099670410 470.3169555664 0.0221307650 -0.0018926500 0.0035030267
205.0959472656 442.5679626465 0.0077534425 0.0001634941 0.0007207473
229.3430938721 742.4284667969 0.0298076253 0.0036130112 0.0027800146
216.5829162598 369.3621520996 0.0123101566 -0.0016298473 0.0069676284
35.5702171326 78.3535385132 0.0040196432 -0.0038409997 0.0109005105
238.6106414795 414.3903503418 0.0044146567 -0.0006524050 0.0026789899
269.9673767090 682.0604858398 0.0027058676 0.0000819154 0.0001051258
231.4060974121 381.5963439941 0.0144902915 -0.0037222230 0.0031429701
252.4416656494 570.4086303711 0.0129789906 0.0008969568 0.0053736637
263.3473205566 554.5491943359 0.0110740000 0.0014271929 0.0074605402
37.0763893127 114.9746704102 0.0015865993 -0.0002029179 0.0012229244
216.6233367920 514.5574951172 0.0181995034 0.0068449895 0.0077238642
214.6893615723 675.0527954102 0.0041131773 0.0000129200 0.0012262213
134.3951263428 825.4519653320 0.4216381311 0.0250689331 0.0016689416
259.9732666016 682.3178100586 0.0020804915 0.0000801407 0.0001572248
213.6918029785 680.2485351562 0.0145774316 -0.0012185595 0.0055729765
267.3270568848 464.5228576660 0.0178458728 0.0073105199 0.0072720582
244.7953643799 713.2266235352 0.0018324984 0.0008969178 0.0016931363
257.4092712402 538.1661987305 0.0005402269 -0.0001528926 0.0002688105
212.6701354980 348.4483642578 0.0100078853 -0.0037920678 0.0045003346
216.8580780029 501.9385681152 0.0006699812 -0.0000879705 0.0001757192
259.6270751953 534.3966674805 0.0311683286 0.0028998361 0.0026319709
205.0299987793 436.3818969727 0.0086961454 0.0002269327 0.0005880712
229.5056457520 413.0927429199 0.0018658000 0.0008122059 0.0029758473
220.4740753174 709.3193969727 0.0243097059 -0.0033158804 0.0033049386
23.7346458435 946.6382446289 0.0397555009 0.0001717671 0.0018660286
27.5784072876 81.3009338379 0.0096421763 0.0138338665 0.0281915311
203.4854431152 424.9625854492 0.0113307396 0.0000597222 0.0004604107
288.4277343750 145.4861450195 0.0201021601 -0.0140087260 0.0132367937
275.5223693848 394.7183227539 0.0001857971 -0.0000511506 0.0001120310
14.4906454086 786.4918823242 0.0129911918 0.0000333246 0.0009192965
213.3450012207 429.4812927246 0.0379401669 0.0047643711 0.0025405963
261.4635009766 615.4548950195 0.0364256240 0.0035423052 0.0011844372
215.4591522217 760.5756835938 0.0146937259 0.0004931223 0.0007795219
229.6783905029 549.4373168945 0.0083304653 -0.0003645490 0.0038643603
260.3978881836 563.5877685547 0.0175810419 -0.0008643040 0.0043397970
210.6181030273 464.7650451660 0.0237113219 -0.0027221071 0.0037169557
206.5730895996 530.5487060547 0.0167892426 0.0008750692 0.0043245521
199.4733581543 722.5371704102 0.0111068776 -0.0005999494 0.0011991764
228.3379821777 730.7845458984 0.0048558516 -0.0000082145 0.0010849588
222.8802490234 617.0844116211 0.0013654794 -0.0000878451 0.0006047036
236.3394622803 715.4810791016 0.0055951257 0.0013003787 0.0023528733
203.5060729980 610.5584716797 0.0135344677 0.0012783473 0.0010223248
17.4176559448 647.5783691406 0.0125243757 0.0005817432 0.0024133748
226.8018951416 753.0226440430 0.0023251609 0.0002062016 0.0003202456
215.0002136230 760.7667236328 0.0100630801 0.0002089346 0.0004455025
262.4118652344 590.4277954102 0.0487428010 -0.0030293397 0.0016292721
197.6219024658 440.3555297852 0.0442186370 0.0025406219 0.0017565346
268.4898986816 471.4502868652 0.0170353558 0.0075089694 0.0075224433
223.5547790527 504.4255981445 0.0104820747 -0.0015489880 0.0071948254
219.2458953857 704.9550170898 0.0023826084 -0.0010201964 0.0012604117
261.5299682617 477.9375610352 0.0009297130 -0.0001994042 0.0003456309
265.4768371582 546.4801025391 0.0089259120 -0.0002568149 0.0013168216
206.5532989502 377.4978942871 0.0100453664 -0.0014365269 0.0032268963
236.6566009521 387.5188598633 0.0081908060 -0.0007664832 0.0016092660
265.4639282227 532.4542846680 0.0318643115 -0.0000131780 0.0024063010
47.0907859802 126.8619003296 0.0021941510 -0.0002401788 0.0008294411
235.5313110352 476.2105407715 0.0000989841 -0.0000266264 0.0000849397
236.6518859863 389.4828186035 0.0255096499 -0.0013866121 0.0028815274
208.6318054199 360.3073730469 0.0116641512 -0.0007191870 0.0063588656
233.4427795410 397.5001525879 0.0066969441 -0.0004617099 0.0018082819
251.4191741943 551.6356811523 0.0146676367 0.0007996422 0.0054143625
141.5846252441 728.5361328125 0.8771569133 0.0438544862 0.0022771650
15.3547163010 786.7982788086 0.0093586082 0.0001045832 0.0004987060
232.4287414551 742.6800537109 0.0375424810 0.0046961722 0.0025408617
202.5169982910 544.5419311523 0.0162203107 0.0020835684 0.0010514318
16.9444637299 769.3515014648 0.0079401154 0.0001832991 0.0005973369
209.4627990723 333.4495239258 0.0069635147 -0.0001455967 0.0041900370
224.9130096436 766.8018188477 0.0053366246 0.0005106654 0.0008979462
232.5379180908 596.4970092773 0.0143477889 0.0000444559 0.0020939461
260.5845947266 567.5933837891 0.0139832376 -0.0020516310 0.0054244827
207.3575592041 454.5587158203 0.0126894349 -0.0010123949 0.0066081644
196.5538024902 460.4477844238 0.0280704368 -0.0042054444 0.0031358278
226.5585021973 506.4129333496 0.0072001219 -0.0023629067 0.0024153097
274.5196838379 448.3826293945 0.0094864033 -0.0000011401 0.0004607227
210.9542388916 775.0242919922 0.0027769578 -0.0001139387 0.0002759645
203.5002746582 618.4385375977 0.0295591597 0.0081961351 0.0050522368
223.5248565674 525.4739990234 0.0125925597 -0.0003504546 0.0024012902
228.7828674316 774.5980834961 0.0207716506 0.0032973348 0.0041900566
238.5987548828 717.5731811523 0.0121890791 0.0057269493 0.0087363767
206.7078857422 593.5118408203 0.0510766506 -0.0075404346 0.0025688186
548.4977416992 194.5398406982 0.0100337164 0.0007892847 0.0071155075
243.5919647217 439.3991088867 0.0154807772 -0.0051275035 0.0063982490
211.5108489990 353.5088806152 0.0059809722 -0.0021469761 0.0027663901
207.5821075439 591.5192871094 0.0198264346 -0.0014706966 0.0007243179
267.4731445312 420.4021301270 0.0256946925 -0.0005011421 0.0012121474
233.4822082520 672.4005737305 0.0385181457 0.0029769163 0.0010113916
201.7277832031 505.4444580078 0.0143106449 0.0026023856 0.0055948021
45.1386642456 143.1232147217 0.0009456943 -0.0002406437 0.0008647973
257.2096557617 445.7647705078 0.0003557272 -0.0001218582 0.0001889688
211.6142425537 699.5481567383 0.0082056113 -0.0053560897 0.0071541863
230.5143127441 784.4687500000 0.0056563457 0.0035517924 0.0043405625
243.5665435791 534.4203491211 0.0114140753 0.0016163954 0.0064149168
203.0255889893 612.6763916016 0.0098424600 0.0006642131 0.0005295869
253.4769134521 725.5479125977 0.0128426151 0.0003894067 0.0010028693
265.4926452637 615.4922485352 0.0470340662 0.0038769038 0.0009606473
212.7851409912 512.8906250000 0.0023938878 0.0000652695 0.0003086517
240.6285400391 635.5660400391 0.0100288000 -0.0029948449 0.0084050596
204.4960937500 605.5075073242 0.0379434787 0.0000621175 0.0020383664
122.5788269043 508.5757446289 0.0215300415 0.0003025456 0.0014609485
223.4246520996 765.5153198242 0.0102934772 0.0025804732 0.0033922386
209.4955749512 654.6405639648 0.0537334345 0.0036431747 0.0016586941
260.5636901855 557.4738159180 0.0083265211 -0.0000853844 0.0013987137
249.4739379883 444.6455688477 0.0133607062 -0.0040703267 0.0076376870
141.5955047607 732.4926147461 0.7343377471 0.0374251530 0.0020110034
253.6510009766 546.6115722656 0.0162112452 0.0036390759 0.0051458264
215.0474700928 347.2370300293 0.0038464086 -0.0020243502 0.0022497468
205.4312286377 511.5024414062 0.0097819362 0.0005407694 0.0013403445
254.3949279785 556.6178588867 0.0137778660 0.0012623022 0.0060303975
245.8604888916 434.4257202148 0.0010883731 -0.0004178237 0.0004638413
213.4205932617 764.5701293945 0.0253262129 0.0037586910 0.0034216447
213.1603851318 373.3435668945 0.0082703121 -0.0031886322 0.0118837543
265.4541320801 401.5239257812 0.0168410204 -0.0006757686 0.0007541533
256.4230041504 556.5319824219 0.0138363596 0.0031326669 0.0065420410
225.4621887207 710.8190307617 0.0033235084 -0.0006943163 0.0013312326
208.5110931396 608.7504882812 0.0385017283 0.0040929765 0.0024412398
233.1448364258 397.2754211426 0.0036146173 -0.0003587039 0.0013022041
217.5271148682 405.4314575195 0.0088099493 0.0006785454 0.0034815893
198.5254974365 464.4591064453 0.0180874411 -0.0044331788 0.0029318025
211.5397644043 775.4938964844 0.0109878350 -0.0006405726 0.0011192523
212.6345825195 355.1289978027 0.0037428746 -0.0015167310 0.0019046564
213.4921875000 683.5668334961 0.0079629719 -0.0011869643 0.0038155410
236.5849456787 715.4082031250 0.0025365974 0.0009030534 0.0021931212
200.4927673340 710.6312255859 0.0470592566 0.0008217874 0.0015756775
44.4845314026 572.5458984375 0.0233019833 0.0007168583 0.0032492236
226.4772186279 520.3622436523 0.0218308978 -0.0057556443 0.0048255930
225.5567932129 679.5889282227 0.0230745934 -0.0016668903 0.0038331861
283.6410522461 269.3871154785 0.0192839559 -0.0075956983 0.0066890037
209.7853240967 778.0816040039 0.0015189685 -0.0000736357 0.0001974240
208.8589324951 643.2197875977 0.0041002813 0.0001338889 0.0002254797
19.2322940826 81.4425201416 0.0058487770 0.0047767102 0.0167842377
217.4109802246 445.5760192871 0.0251222234 0.0014644649 0.0012831212
47.3983955383 135.4714965820 0.0084883338 -0.0003727995 0.0014720858
268.0679321289 707.3135375977 0.0002965036 0.0000556089 0.0000755232
250.5765228271 542.3210449219 0.0169894751 -0.0006779055 0.0047734198
200.5850830078 472.5420837402 0.0197506715 -0.0043708389 0.0049025440
201.3819732666 697.4635620117 0.0252977591 -0.0023929637 0.0015843310
244.7602386475 646.3330688477 0.0006014946 -0.0000115462 0.0000897326
213.3788452148 705.6912841797 0.0138684185 -0.0077176103 0.0104705859
203.3737945557 593.6243286133 0.0659679770 -0.0075185928 0.0020250743
195.1980438232 431.0616760254 0.0043304209 -0.0001332183 0.0001770267
260.5246887207 391.6703186035 0.0247645564 0.0064967717 0.0047704587
199.0774230957 723.1378784180 0.0068391389 -0.0004385032 0.0007499007
259.4589843750 383.3718261719 0.0222818032 0.0059090517 0.0050046528
263.6215515137 390.5496826172 0.0281192474 0.0011357096 0.0027808775
247.5003356934 550.5820312500 0.0067524123 0.0000630951 0.0042126551
272.3418273926 464.5351562500 0.0334853455 0.0118301250 0.0064476491
215.7520294189 703.5503540039 0.0163267534 -0.0125732822 0.0145120341
197.9495544434 482.1810302734 0.0009093871 0.0000031609 0.0001353238
213.4968719482 573.5590209961 0.0216746442 0.0005160921 0.0013891807
202.5478668213 504.9055175781 0.0082787704 0.0003650011 0.0005607468
261.0562438965 559.3173828125 0.0109227933 -0.0003341231 0.0005289086
204.9652557373 513.2431640625 0.0091023557 0.0004383354 0.0005568157
218.4828643799 508.5016479492 0.0066813873 0.0005396037 0.0044504642
264.5213928223 430.5623779297 0.0139600104 -0.0012849232 0.0024703711
211.6319427490 642.5060424805 0.0217190385 0.0032504082 0.0040420084
212.6390228271 442.4643859863 0.0363976732 0.0003563123 0.0021308530
254.5319976807 746.5786132812 0.0114033083 0.0021478860 0.0030979989
209.0788269043 333.2586364746 0.0016940536 -0.0002997097 0.0011699718
250.4013214111 447.4825744629 0.0085821729 -0.0052709538 0.0067338832
253.1053771973 532.9453735352 0.0033016638 0.0003159106 0.0013623490
254.5126647949 399.3306274414 0.0114383660 -0.0006599505 0.0060870084
212.6946563721 392.5742187500 0.0126792239 -0.0005222591 0.0059851324
252.4617156982 746.5909423828 0.0145115871 0.0011961132 0.0052237762
202.2588195801 403.2918395996 0.0365647003 0.0019237084 0.0022274309
235.5412292480 612.0313720703 0.0001942688 -0.0000064593 0.0000352429
209.4840850830 575.5114746094 0.0378701501 0.0035766142 0.0023792540
262.5024719238 643.4647216797 0.0307742711 0.0008782897 0.0010342100
263.5151977539 652.5334472656 0.0162903238 -0.0004266640 0.0007189476
234.4913787842 623.6054077148 0.0195740387 0.0001785488 0.0014653553
214.4795379639 498.5433349609 0.0290036704 -0.0012486338 0.0030696089
213.5351257324 425.7265319824 0.0346782804 0.0046503949 0.0029119491
244.4314880371 390.5349426270 0.0036126934 0.0017126058 0.0045360723
258.7090759277 653.1715698242 0.0114161074 -0.0003627437 0.0004226936
195.9681396484 635.2061767578 0.0007425487 -0.0000065414 0.0000250415
234.5395050049 766.5306396484 0.0173385739 0.0030324270 0.0012778454
240.5054168701 663.3504638672 0.0247660410 0.0013133655 0.0028795458
215.6138000488 480.4700622559 0.0579867400 -0.0041578640 0.0016948954
245.4626312256 428.7799072266 0.0169716477 -0.0010004293 0.0046514226
198.4702301025 975.4224853516 0.0015941311 -0.0001490423 0.0083316267
196.4347381592 605.3581542969 0.0007424470 0.0000116387 0.0000236553
203.4518127441 346.3855285645 0.0083108665 0.0013733936 0.0020042006
233.4457702637 735.7741088867 0.0414030887 0.0017559147 0.0019880217
200.3406982422 338.4281616211 0.0192104857 0.0112947617 0.0103085926
230.6454162598 771.5433349609 0.0335718207 0.0035850126 0.0026245634
265.4089355469 620.5211791992 0.0413617119 0.0040185819 0.0011040519
249.4794921875 743.5387573242 0.0179575197 -0.0014129647 0.0019436395
210.5489349365 379.3153076172 0.0089677433 -0.0013062679 0.0091250874
210.6828002930 370.9526367188 0.0037787349 -0.0005681999 0.0014437588
264.8385925293 653.0036621094 0.0113644879 -0.0002647680 0.0004063806
223.5177307129 536.4921264648 0.0070275879 0.0008597451 0.0017579987
20.5420360565 688.4412841797 0.0068345200 0.0001139622 0.0043774373
259.4285888672 713.4815673828 0.0621756874 0.0135912094 0.0041539120
205.7456359863 620.3920898438 0.0273452122 0.0073673869 0.0049032811
118.5681610107 677.4328613281 0.0447050221 -0.0003198418 0.0019314678
192.3833618164 47.5912780762 0.0060828263 -0.0005351665 0.0111679453
206.3594970703 518.5776977539 0.0204107966 0.0047180564 0.0046366779
185.5023956299 834.1379394531 0.0004044806 -0.0000229457 0.0002825230
236.4686584473 726.4393310547 0.0115945414 0.0023964385 0.0018898591
200.4984588623 714.7380371094 0.0488564149 0.0006900192 0.0016256064
228.5327606201 545.3930053711 0.0157339741 -0.0018534723 0.0049434570
255.0366516113 396.6172790527 0.0015377479 0.0003415173 0.0015667449
228.4760742188 420.5197143555 0.0062790001 0.0037841089 0.0071700546
224.3970184326 368.4012756348 0.0212387238 -0.0111237168 0.0092093581
267.2558593750 548.0131835938 0.0002459725 -0.0000696358 0.0000986110
215.5345458984 418.5089721680 0.0078887139 0.0011679026 0.0039633196
226.4955139160 714.3962402344 0.0125499265 0.0026306633 0.0062875878
23.6999473572 99.4862670898 0.0102872783 -0.0062467786 0.0067577157
208.4922485352 602.4943847656 0.0427068397 -0.0007898071 0.0019404977
265.5138854980 582.4909057617 0.0233284477 -0.0018947641 0.0014243959
243.3051452637 681.6445312500 0.0288859103 0.0016817924 0.0028774426
214.7005004883 626.7494506836 0.0032080752 0.0000070374 0.0016583741
224.7513732910 538.8277587891 0.0049722185 0.0003590117 0.0012001566
227.4410095215 370.5823364258 0.0272901915 -0.0143024325 0.0104379747
145.4738159180 518.3298339844 0.8641536236 0.0411271490 0.0020413196
240.7328491211 393.4969177246 0.0136130191 0.0048933229 0.0076728603
207.4270324707 461.3661804199 0.0174366087 -0.0058130194 0.0075867022
141.5981750488 610.5179443359 0.4441551566 0.0226342622 0.0012176230
234.8259429932 615.0117187500 0.0082724029 0.0000953780 0.0005949013
267.5693664551 379.4629821777 0.0352687351 -0.0068070488 0.0036094543
232.5504760742 524.4147949219 0.0104315514 -0.0029482634 0.0019592200
216.4386138916 373.4856567383 0.0079460470 -0.0021457900 0.0105428277
228.4654693604 665.5500488281 0.0306505691 0.0008050912 0.0009953391
197.4771270752 50.5862236023 0.0054767942 -0.0019884154 0.0151854362
213.2569580078 683.2308349609 0.0038936317 -0.0004110100 0.0014804249
178.6677703857 841.0141601562 0.0021866355 -0.0002023558 0.0020969503
225.5944976807 675.4398803711 0.0159577690 -0.0006256861 0.0020266080
120.5212631226 601.3920288086 0.0585274622 0.0033656396 0.0014409557
211.0698852539 721.2818603516 0.0032517805 -0.0003023347 0.0007440426
217.6572570801 639.4885864258 0.0099848192 0.0007898440 0.0078315912
221.4830017090 413.4113159180 0.0061385841 0.0001365973 0.0057515679
230.5894622803 624.3701171875 0.0424724147 -0.0012070872 0.0017914679
217.5249481201 522.6063232422 0.0229525119 0.0068869088 0.0052795652
264.4855651855 670.4710693359 0.0199419446 -0.0032887564 0.0020514217
15.4478693008 651.7918090820 0.0231576618 0.0012001486 0.0036963031
205.3756103516 555.4616088867 0.0263286680 0.0028576225 0.0014478478
212.6590270996 337.8544311523 0.0008861050 -0.0005408426 0.0006535791
222.5463867188 535.4618530273 0.0216217637 0.0041584778 0.0040211771
289.8210144043 139.6193695068 0.0255024582 -0.0094016539 0.0065988218
134.2429046631 831.4591674805 0.3632709086 0.0217739325 0.0015076052
236.4832611084 574.5651245117 0.0083318837 -0.0001158380 0.0014001310
16.8868274689 795.1921997070 0.0075371573 0.0001526782 0.0002453005
220.4442749023 677.5238647461 0.0110981902 0.0008679623 0.0028805181
142.4564514160 604.5511474609 0.5010790825 0.0262036305 0.0015168432
9.4146499634 704.3121337891 0.0323473960 0.0018073426 0.0034174696
220.5931091309 365.4928894043 0.0165303219 -0.0065735308 0.0069326228
251.6000518799 461.5298461914 0.0116940318 -0.0033732154 0.0089275101
230.2375183105 627.5193481445 0.0350033566 -0.0014304377 0.0021594204
203.0652465820 401.1370849609 0.0122342492 -0.0000166545 0.0003992931
258.4322204590 425.5058898926 0.0054760133 0.0003550551 0.0020840697
141.6791992188 634.7454223633 0.5697376728 0.0302865729 0.0017508063
226.5496673584 786.7319946289 0.0131375492 0.0132085662 0.0203736927
228.4368133545 669.6132202148 0.0552344806 0.0028975515 0.0016624711
230.9737396240 516.8102416992 0.0061488058 -0.0020422025 0.0014287209
195.4401092529 45.6101837158 0.0067297583 -0.0002880576 0.0117374333
248.4338226318 687.5108642578 0.0220101904 0.0001754629 0.0012896919
225.6881866455 550.5769042969 0.0123186568 0.0012834560 0.0063833953
135.3698730469 775.2324829102 0.4938924611 0.0254763812 0.0014649531
220.6415100098 670.3480834961 0.0170508400 0.0036848807 0.0046923808
258.3142395020 598.5474243164 0.0029232807 -0.0000371183 0.0001074162
236.4290161133 437.5884399414 0.0199648105 -0.0033950182 0.0020628758
227.6070709229 758.6554565430 0.0134049309 0.0032401592 0.0030350257
235.6131591797 753.5928955078 0.0309478268 0.0059890077 0.0021772874
145.5525054932 508.5827636719 0.9213532209 0.0388050303 0.0017173775
208.9488677979 575.1821289062 0.0074120923 0.0000348947 0.0002556938
220.3044281006 502.3840026855 0.0062900824 -0.0009310532 0.0047614509
254.7700195312 542.9270629883 0.0030970015 0.0000791591 0.0014224388
242.7164001465 416.5023498535 0.0185688548 -0.0049839891 0.0060921274
240.6146240234 652.6503906250 0.0147558395 0.0013071320 0.0057823579
215.5323181152 770.7088012695 0.0224443488 0.0021022477 0.0041602063
203.3889160156 599.5296630859 0.0174340587 -0.0006107005 0.0007289544
226.9714660645 422.9151611328 0.0029626086 0.0015864167 0.0028283261
202.4222717285 529.4295043945 0.0140522523 0.0021006581 0.0056647863
218.4496612549 357.4813842773 0.0112830745 -0.0070432210 0.0069136075
249.5113677979 421.4730529785 0.0178735517 -0.0003928382 0.0018736763
228.3822174072 638.1506958008 0.0008336489 -0.0000405881 0.0003711199
253.0310363770 748.6543579102 0.0046133944 0.0002573667 0.0011119773
217.5965576172 407.1137084961 0.0028525470 0.0003763640 0.0016805526
167.7083892822 53.5821075439 0.0310863182 0.0040370259 0.0029625471
239.5667114258 692.3648681641 0.0171547942 0.0004806682 0.0046334886
208.9784240723 241.9907073975 0.0002997828 -0.0000467389 0.0001607263
221.5258331299 544.5143432617 0.0079794694 0.0020497246 0.0021474969
246.9520111084 742.9065551758 0.0032902430 0.0002601599 0.0005931528
138.4064331055 702.3941040039 0.5223292708 0.0244534165 0.0012039774
240.9604644775 639.0925292969 0.0018816105 -0.0002017354 0.0010220830
37.4816665649 88.5161514282 0.0041768881 -0.0020582175 0.0037031798
142.6037902832 599.6359252930 0.5532919168 0.0282904766 0.0015856231
194.2526550293 417.4714050293 0.0028849351 -0.0000917922 0.0001096222
225.5985107422 645.1719360352 0.0134611037 -0.0006030352 0.0066642291
230.3873291016 767.5282592773 0.0235267729 0.0036364130 0.0019118558
217.7645111084 628.5324707031 0.0062974757 0.0010903431 0.0120232012
271.5036315918 444.6589355469 0.0263211802 -0.0009180399 0.0027344709
233.4541473389 674.5196533203 0.0007789849 -0.0000560494 0.0003798770
258.7654724121 425.2986755371 0.0050506247 0.0003471586 0.0012375171
215.0214385986 727.0335693359 0.0036812183 -0.0003037270 0.0005388982
222.8176116943 498.9928894043 0.0034894540 -0.0011844332 0.0009320249
9.5803050995 667.7760009766 0.0199946743 0.0001820685 0.0039529372
247.5438690186 567.4550781250 0.0263519287 -0.0031224119 0.0031736807
238.6431274414 745.4993896484 0.0279901698 0.0051031960 0.0019929542
230.4551086426 562.5518798828 0.0067226738 -0.0004917890 0.0021396196
262.5660400391 638.5989990234 0.0340833776 0.0020519481 0.0011961421
160.7350769043 66.2648925781 0.0195084196 0.0001930261 0.0017069408
234.5043487549 772.4942626953 0.0225963462 0.0026376541 0.0016041758
115.4439544678 735.3984375000 0.0234105159 0.0025088331 0.0016284108
289.4676818848 135.4289550781 0.0114951376 -0.0024956409 0.0031246790
224.7228698730 773.3118286133 0.0047348007 0.0005392428 0.0011669991
212.5292205811 770.4758300781 0.0301849544 0.0030280678 0.0030799469
33.6732673645 116.5174560547 0.0152842039 -0.0058248956 0.0067279357
268.4369506836 383.5034179688 0.0295729600 -0.0056873104 0.0021757234
141.4436645508 884.7055664062 0.1873745620 0.0143310102 0.0015434241
218.4796600342 581.4441528320 0.0300043486 0.0006980653 0.0010608706
234.7120208740 379.5139465332 0.0174263194 -0.0046683731 0.0030526696
215.3703765869 632.4815063477 0.0037867445 0.0003885762 0.0035455094
273.3872985840 481.7720336914 0.0013870568 0.0001651359 0.0002324734
118.4179840088 671.6972656250 0.0467928238 0.0004285528 0.0016550621
214.5620269775 490.7396850586 0.0074007376 -0.0005004950 0.0007090152
213.6811370850 491.3788452148 0.0152819781 -0.0008583579 0.0008240581
227.5524902344 655.7867431641 0.0268446095 -0.0009731449 0.0027670551
210.3479461670 650.5427856445 0.0543386415 0.0040426655 0.0017613804
257.4302673340 442.4936828613 0.0080325399 -0.0001968989 0.0035035752
221.3634796143 386.5776367188 0.0057621421 0.0001471076 0.0050838627
220.5773468018 622.4180908203 0.0046343785 -0.0014239434 0.0073636929
248.3816223145 437.3523864746 0.0155340321 -0.0013190589 0.0045903646
211.1403350830 557.1763916016 0.0056783855 0.0003491316 0.0003359774
200.8235473633 328.9237670898 0.0011966538 0.0000150640 0.0005732867
201.5563812256 329.1194458008 0.0007569410 -0.0001969880 0.0004568065
297.0162048340 141.2261505127 0.0033976445 -0.0002085070 0.0006210667
239.5850219727 676.4702148438 0.0209086183 0.0016172555 0.0015099901
248.6979827881 556.8609619141 0.0018033597 -0.0003701334 0.0013400813
228.4279937744 375.0991516113 0.0066094114 -0.0030547315 0.0021655355
197.6546020508 436.4316711426 0.0435480140 0.0015550724 0.0017354682
226.4542236328 656.5565185547 0.0112212747 -0.0004832511 0.0011358394
245.2133026123 666.5267333984 0.0118466010 -0.0001062030 0.0033130548
241.0131530762 745.0129394531 0.0080941552 0.0013841412 0.0008000684
255.1076354980 452.5546875000 0.0025010109 -0.0010886462 0.0013015516
164.5978851318 66.3043441772 0.0218557697 -0.0013493006 0.0035747115
257.1716003418 825.9523925781 0.0002708538 0.0000645323 0.0001907338
257.4847717285 400.6126403809 0.0094716577 0.0014263662 0.0033135661
177.2215576172 65.1392517090 0.0034133189 -0.0015580694 0.0020978707
233.6133575439 591.5664672852 0.0133064166 0.0001825790 0.0021518597
234.4631500244 603.5026855469 0.0139984228 0.0000064781 0.0008615178
272.4626770020 392.4788818359 0.0254246965 -0.0036443432 0.0009704159
222.4857635498 622.4944458008 0.0034162826 -0.0011503859 0.0042384593
222.6605987549 683.6360473633 0.0199583191 -0.0032176562 0.0046600169
244.3963317871 677.4025268555 0.0246208180 0.0011767060 0.0030641502
144.1957092285 760.5450439453 0.2912238240 0.0205140151 0.0017664713
231.6371307373 677.3868408203 0.0582550056 0.0046763313 0.0016153497
273.1634521484 392.9853210449 0.0152090006 -0.0019947942 0.0005460117
252.9470825195 758.0034179688 0.0004289465 0.0001461999 0.0001549758
263.4683227539 445.4993896484 0.0083634313 0.0001098077 0.0015208491
258.8119812012 745.1071166992 0.0063391039 0.0011634186 0.0009434661
230.4971771240 683.5571289062 0.0109219691 0.0012144736 0.0012245146
286.6907043457 140.5918731689 0.0256393105 -0.0135415718 0.0100973072
42.4678153992 138.3924713135 0.0067123612 -0.0029931292 0.0058969529
223.5619659424 378.4573059082 0.0059371535 -0.0018529800 0.0026148877
138.5315704346 710.7561645508 0.8345972896 0.0372865535 0.0017628359
147.7240447998 676.4035034180 0.4733951390 0.0282107461 0.0018623089
287.5934753418 127.5270767212 0.0073510134 0.0000602884 0.0019028451
215.3517456055 754.5645141602 0.0392489880 0.0004724940 0.0019308900
248.5317382812 674.5826416016 0.0316935033 -0.0014027738 0.0025999197
135.6382751465 771.3291015625 0.6557177901 0.0320455655 0.0016803418
13.4673986435 782.2994995117 0.0333877616 -0.0000434075 0.0023734518
123.6152038574 463.3359680176 0.0463657454 -0.0008972986 0.0016372298
234.7864227295 604.9746704102 0.0097085144 0.0000608949 0.0005163998
8.4631299973 684.6842651367 0.0148396529 0.0000619813 0.0019902482
217.4878997803 435.6448364258 0.0294295456 0.0036403565 0.0034009062
214.9725646973 746.9488525391 0.0130633106 0.0001729653 0.0003932493
272.3994750977 440.5690307617 0.0385372490 -0.0019153520 0.0021723653
253.3788604736 464.4122314453 0.0122030629 -0.0003787795 0.0065992461
221.0808868408 372.7386474609 0.0052028545 -0.0025070598 0.0021673737
199.0239105225 223.0552825928 0.0016704377 -0.0004181691 0.0012866663
221.2807769775 742.5515136719 0.0419027656 -0.0026936966 0.0023427391
110.3636245728 771.3984985352 0.0284300596 0.0030085302 0.0014694653
43.4757156372 124.4861297607 0.0158946626 -0.0041775024 0.0056414763
218.4195709229 680.7210693359 0.0181971677 0.0044326708 0.0051573021
101.4328384399 834.5114746094 0.0146001969 0.0003188456 0.0049691517
234.5430145264 562.4872436523 0.0142264636 -0.0007107361 0.0052360338
244.4505462646 637.5300292969 0.0102749849 -0.0065255547 0.0114569496
245.2206878662 624.9249267578 0.0019379136 -0.0001356401 0.0005180030
214.3897857666 659.4381103516 0.0381836370 0.0023060129 0.0019612417
250.2256011963 425.5115051270 0.0222600233 0.0002829514 0.0034047319
258.5459899902 643.4218139648 0.0514930338 0.0008032699 0.0014590925
267.5542907715 374.4861145020 0.0146326339 -0.0033407537 0.0027143867
114.5647888184 753.5044555664 0.0131382719 -0.0002029593 0.0008831643
241.3006896973 675.2845458984 0.0060111717 0.0001693036 0.0008100078
147.2262878418 485.5912475586 1.3548028469 0.0491762646 0.0018377914
118.3601684570 667.5024414062 0.0505826138 0.0007078539 0.0014252997
41.3865203857 101.5753707886 0.0089737410 0.0036664845 0.0051671821
214.4532623291 603.4790039062 0.0528209060 0.0027899544 0.0017901858
47.2329483032 153.0177307129 0.0026726923 -0.0002334903 0.0016048299
218.4474639893 564.5926513672 0.0229671784 -0.0010907705 0.0013321470
280.4299621582 266.3543701172 0.0216089953 -0.0110256309 0.0088913366
214.5587615967 391.3413085938 0.0039983760 -0.0001180432 0.0011966426
254.4464263916 598.6492309570 0.0277353302 0.0020888145 0.0027596359
212.5839233398 587.4664916992 0.0198801644 0.0025477945 0.0019955761
221.5532989502 352.8884277344 0.0063904356 -0.0039594788 0.0032168692
210.4975433350 401.2422180176 0.0055939844 0.0000129633 0.0010514321
136.4689178467 737.4539184570 0.4613849223 0.0209741537 0.0010181462
36.3014907837 131.6075744629 0.0079200407 -0.0087353075 0.0188346617
235.6220245361 567.2633056641 0.0239495020 0.0012038044 0.0032410647
262.4640808105 371.5027770996 0.0045587812 -0.0004864392 0.0026142199
264.7547912598 479.4545288086 0.0207625534 0.0023831166 0.0035302967
230.5612182617 567.3215942383 0.0200629029 -0.0005263356 0.0035931540
235.5307312012 662.4318847656 0.0221100282 0.0020833998 0.0007957912
239.5242462158 632.3301391602 0.0100836381 -0.0038441811 0.0084692249
218.8296661377 557.0013427734 0.0037692259 0.0004330839 0.0005945020
271.6318664551 385.6063537598 0.0262259934 -0.0046179518 0.0018949346
28.4374122620 212.7316436768 0.0075614084 0.0015890202 0.0109756235
282.4900207520 962.4114990234 0.0044868486 -0.0046296045 0.0218640938
15.4428329468 739.0150756836 0.0099125188 0.0001374252 0.0004646098
247.6390838623 678.3914794922 0.0341065638 -0.0010296188 0.0024505716
248.4038696289 666.4548950195 0.0150509505 -0.0005912649 0.0052205171
264.6084289551 488.5180969238 0.0242945682 0.0012134304 0.0013492133
38.6752853394 129.5111389160 0.0147639196 -0.0091377152 0.0106900632
265.4773559570 721.6818237305 0.0017925731 0.0004312640 0.0002572518
114.9159469604 754.7785034180 0.0088967467 -0.0001482912 0.0005062195
145.5409240723 499.4841918945 0.7420389056 0.0278087854 0.0010864781
258.5527648926 736.4958496094 0.0347086564 0.0043788389 0.0014942170
265.3177795410 277.9765014648 0.0003890785 -0.0001563793 0.0001815057
247.5112304688 640.4376220703 0.0106608756 -0.0059513710 0.0103918212
197.1507415771 721.4315185547 0.0015150709 -0.0001980069 0.0001151659
209.4638366699 391.6203613281 0.0148888035 0.0002950971 0.0053248769
195.4522399902 571.3560791016 0.0006420308 0.0000263277 0.0000285900
257.6070861816 705.5082397461 0.0266102869 0.0064954618 0.0026927115
213.1048278809 370.8298034668 0.0009506356 -0.0003529249 0.0004339621
265.6088256836 283.6437988281 0.0002495710 -0.0000832143 0.0001035514
137.4879913330 59.4924087524 0.0341830105 0.0011197935 0.0023036471
173.4586486816 845.4799804688 0.0061294413 -0.0010969379 0.0049033184
246.5476837158 634.4054565430 0.0115537671 -0.0096427631 0.0146946581
15.3280591965 778.6307983398 0.0099074123 0.0001612121 0.0005607814
247.5231323242 378.5142211914 0.0067966320 0.0012033272 0.0047972016
207.5404052734 341.5936279297 0.0167023521 -0.0007040091 0.0046332320
267.5191345215 416.4429321289 0.0356355682 0.0005911182 0.0024617026
238.3351135254 584.3217773438 0.0152767487 0.0012428851 0.0052179368
266.3871459961 392.6306152344 0.0449603721 -0.0035645566 0.0021175949
240.6509399414 727.4685668945 0.0134910559 0.0031868836 0.0030064431
23.4648227692 87.6352539062 0.0028746985 -0.0025510658 0.0074187997
283.1875610352 137.0975189209 0.0018578297 -0.0010485277 0.0015413662
213.5346527100 666.5902709961 0.0393431261 0.0013786857 0.0021843729
136.4276885986 742.4228515625 0.4854313731 0.0259109382 0.0014432661
227.5341033936 364.4387512207 0.0133337118 -0.0074470309 0.0051199272
224.5942077637 405.5095520020 0.0062481686 -0.0004617744 0.0051537808
107.3619766235 846.7531738281 0.0318693854 -0.0001492535 0.0023905111
227.5914459229 596.5410156250 0.0133955386 0.0000692279 0.0009249335
268.6067199707 389.2677612305 0.0599218681 -0.0091367364 0.0028039161
213.6895141602 365.4659423828 0.0078955023 -0.0021246495 0.0046089562
256.2954406738 593.2304687500 0.0263605211 0.0019436380 0.0028498962
248.4608764648 452.6716918945 0.0154146617 -0.0046160277 0.0069291033
216.8471527100 400.4095764160 0.0038014350 0.0000657759 0.0013356600
235.4581756592 738.3801269531 0.0381454304 0.0035584467 0.0021998468
251.4720153809 400.5440063477 0.0092164949 -0.0037472046 0.0107351672
51.9088592529 550.5984497070 0.0188180096 0.0004034379 0.0043617655
263.3233947754 406.5099487305 0.0218435954 0.0024475004 0.0034925789
10.4464673996 647.8986816406 0.0317398980 0.0000634067 0.0024356626
144.6156768799 561.5586547852 0.6773127317 0.0351121798 0.0019307181
237.3307495117 562.8851928711 0.0029679253 -0.0002243614 0.0015652428
261.6526184082 979.7316284180 0.0023118337 0.0053225844 0.0483239517
144.3783569336 529.4538574219 0.6644518971 0.0285402387 0.0012770923
299.0061645508 133.1129608154 0.0035600311 -0.0002232136 0.0005233953
250.5444488525 593.3103027344 0.0492737927 0.0024404174 0.0016396187
266.7528686523 408.7952575684 0.0131147364 -0.0006079663 0.0004359838
140.3642272949 662.6315307617 1.1702393293 0.0526575260 0.0024378577
21.4899787903 109.4249801636 0.0041740988 0.0000553621 0.0030729799
144.5114898682 524.4614868164 0.6611244678 0.0273496732 0.0011811170
189.5861816406 842.2615966797 0.0036916789 0.0058148275 0.0298502762
28.5236206055 208.5667266846 0.0035016150 0.0002674873 0.0084808012
43.5265464783 554.5195922852 0.0583112054 0.0000454002 0.0016686125
246.5274200439 562.6640014648 0.0227681361 -0.0011934430 0.0033479456
232.5599365234 552.6198120117 0.0099033406 0.0008321751 0.0074140225
196.5823364258 421.4055786133 0.0550210588 -0.0032427623 0.0018239773
40.9644241333 138.7622680664 0.0024677729 -0.0012481904 0.0026054671
233.1376495361 371.0399169922 0.0053541786 -0.0025433928 0.0020366367
262.5015869141 395.4562377930 0.0254413579 0.0023855243 0.0029802450
238.7893829346 587.7286987305 0.0168516263 0.0003910830 0.0045802407
141.2306671143 642.5328369141 0.4713454843 0.0315300971 0.0021739458
16.4592761993 691.5469360352 0.0102658728 -0.0002906811 0.0066956803
236.6338806152 442.5379943848 0.0299154464 -0.0088914894 0.0049981805
92.7546234131 774.4907836914 0.0246495809 0.0008268896 0.0033127072
234.4394226074 375.3250427246 0.0183898453 -0.0064682588 0.0040331841
219.3430328369 686.9101562500 0.0022672701 -0.0004650507 0.0019519923
284.4632568359 275.4916381836 0.0111948345 -0.0046418863 0.0030353481
217.4884490967 560.6159667969 0.0316813216 -0.0018696919 0.0024242529
253.4630737305 691.3610839844 0.0447120406 0.0055812723 0.0025416135
244.9979248047 596.8060913086 0.0046834559 -0.0003096001 0.0004531643
117.3970870972 568.3907470703 0.0529911891 0.0016540762 0.0015006092
164.3234405518 116.6216354370 0.0407805033 -0.0002689158 0.0017741102
257.2570800781 433.0910034180 0.0040919273 -0.0002134800 0.0011700558
22.4411544800 489.6007385254 0.0118085975 0.0000764412 0.0024577067
230.6359558105 56.5682296753 0.0079173502 0.0002047327 0.0098356530
262.4178161621 707.6010131836 0.0691175982 0.0164916497 0.0049255094
250.6031494141 381.3903198242 0.0102880811 0.0015621420 0.0072896923
283.2660522461 965.4825439453 0.0064715371 0.0033565054 0.0148234777
210.4941558838 439.5854797363 0.0209198911 0.0006595855 0.0032538967
225.4862060547 355.5293884277 0.0173573997 -0.0112390574 0.0092191892
55.4119071960 691.4278564453 0.0215910263 0.0008655558 0.0042072837
250.9335021973 465.1986999512 0.0023545658 -0.0010944132 0.0008553700
240.1455993652 681.4509277344 0.0276151989 0.0024223365 0.0028860145
299.4935302734 99.5401687622 0.0169440582 0.0003775302 0.0017315864
204.3514862061 500.4445190430 0.0190167893 0.0066265701 0.0062010065
210.7583923340 409.3245849609 0.0044873143 0.0001400681 0.0010861374
168.4780120850 70.3281021118 0.0175737739 -0.0016434973 0.0046565533
442.5314331055 803.5664672852 0.0116475150 0.0008891932 0.0061526825
254.5505981445 476.5480651855 0.0124650374 -0.0009161673 0.0010518332
220.5782623291 440.4777221680 0.0189626999 0.0018202176 0.0048438995
43.5261192322 576.5603027344 0.0284220390 0.0009403488 0.0025997586
218.5578460693 491.4223937988 0.0309876818 -0.0029869815 0.0027305291
185.6262207031 54.3396110535 0.0064211506 -0.0014445345 0.0113809714
248.3295288086 464.6034545898 0.0088530928 -0.0028598157 0.0083329529
208.3597259521 45.5136947632 0.0152829606 0.0210677385 0.0338614397
137.3746337891 67.5740509033 0.0498633087 0.0012766055 0.0015966144
297.5852966309 149.4241943359 0.0148449559 -0.0037943090 0.0031952166
119.4103775024 738.4445800781 0.0529502854 0.0037595746 0.0017430498
259.4656677246 717.6680297852 0.0627407134 0.0109441401 0.0032052305
285.0653381348 276.8917236328 0.0069862623 -0.0025782050 0.0016209024
196.4491577148 343.2671508789 0.0401925072 0.0078777429 0.0036676773
81.4966812134 586.3276367188 0.0172816180 0.0020271237 0.0050028004
259.4592895508 437.4363708496 0.0093811555 -0.0000302284 0.0032343483
15.5220384598 643.5321044922 0.0227525942 0.0011402104 0.0031921633
215.4829559326 607.4213867188 0.0423488319 0.0011903546 0.0018635794
232.9612121582 445.2187194824 0.0026832877 -0.0006341348 0.0008569160
267.0957336426 489.1494445801 0.0077790515 0.0011819421 0.0007657526
283.4831542969 125.3872375488 0.0116059007 -0.0004576253 0.0024739355
217.4411926270 556.2895507812 0.0234637912 0.0000884440 0.0029327173
249.5316619873 732.7586059570 0.0534863509 -0.0015837316 0.0018041799
231.5900878906 581.5864257812 0.0367704257 0.0007310918 0.0025350212
213.3063507080 592.4276733398 0.0357930772 0.0064145187 0.0032827498
251.4175415039 640.3828735352 0.0096334433 -0.0020428826 0.0037213403
251.6825866699 699.3326416016 0.0233054738 0.0037981409 0.0036656535
248.6001434326 430.4607543945 0.0207911953 0.0002161831 0.0035892725
112.5915069580 654.5555419922 0.0294508189 0.0007578273 0.0029116978
247.5139770508 585.4989013672 0.0279179495 0.0005107951 0.0026880077
50.5690536499 416.4895019531 0.0189593378 0.0005575857 0.0006666973
104.5357666016 839.5484619141 0.0156547390 0.0001484619 0.0020205495
259.4745178223 432.5269775391 0.0082177147 -0.0000679650 0.0036058703
252.7573547363 696.9821777344 0.0031107939 0.0005069563 0.0007542958
544.5277709961 195.5476837158 0.0106579205 0.0007145628 0.0072916783
118.6631317139 613.3958129883 0.0492699370 0.0005073698 0.0014273162
18.4967632294 559.5945434570 0.0231127273 0.0000465693 0.0030420374
264.1159362793 738.5376586914 0.0016677940 0.0003915045 0.0002635646
45.2353744507 83.0711059570 0.0039286246 -0.0023417405 0.0026101202
217.5338287354 591.5230102539 0.0406628512 0.0068129930 0.0029315278
259.4526977539 721.6547851562 0.0378479622 0.0059102704 0.0017288418
42.4669113159 151.6131439209 0.0045389915 -0.0019441872 0.0081901848
112.4706954956 650.7004394531 0.0324642435 0.0008128715 0.0027038245
280.5585937500 970.5484619141 0.0062663928 0.0058642216 0.0181268416
226.4838256836 360.2666931152 0.0209230110 -0.0133319376 0.0100194234
48.4456672668 443.4079589844 0.0301657822 0.0008784097 0.0024086626
9.3700857162 680.4166259766 0.0238065161 0.0001447102 0.0013745993
87.5319213867 696.5258789062 0.0073285163 0.0000646410 0.0042740214
300.9924621582 155.0899963379 0.0084385322 -0.0010251058 0.0006856136
104.4806518555 834.5010375977 0.0163983442 0.0008450219 0.0047225798
31.5051784515 152.4986724854 0.0109537169 -0.0079451296 0.0068167457
79.4663009644 511.5082397461 0.0258833263 0.0024916315 0.0035055245
291.5224304199 125.4129409790 0.0136615848 0.0024734316 0.0055874116
263.5168151855 255.4169616699 0.0139773060 -0.0195168052 0.0294603221
238.4599609375 555.3063964844 0.0093837865 0.0011427933 0.0084094759
252.3082427979 427.5816345215 0.0226373691 0.0011561584 0.0033232758
240.8217620850 447.1441040039 0.0063686301 -0.0029138257 0.0020810345
53.3463935852 626.4934692383 0.0228748191 0.0004386730 0.0033584721
12.3819379807 597.4010009766 0.0234060977 0.0001620022 0.0014418818
77.6872177124 545.5010986328 0.0122142863 0.0013366488 0.0080546662
19.5491580963 739.6580810547 0.0183184445 -0.0006980302 0.0042106905
6.4947433472 835.2393188477 0.0411399119 0.0003117037 0.0018120547
109.5813369751 765.5780639648 0.0270500407 0.0038028061 0.0017137628
239.5064697266 558.5531616211 0.0090815127 0.0005211404 0.0080618188
230.3656463623 604.4387817383 0.0155947832 0.0000236555 0.0008254143
119.3288726807 504.4653930664 0.0185598228 0.0024652104 0.0051902211
254.4912872314 595.2863159180 0.0352873988 0.0029301031 0.0027559984
97.8423690796 911.4675292969 0.0149564072 0.0007451465 0.0054237936
9.7386846542 892.5098266602 0.0371634290 0.0020471539 0.0021018484
266.9813232422 497.0372619629 0.0103886193 0.0009258226 0.0005680749
263.7168884277 434.5253906250 0.0203688089 -0.0008929875 0.0048602992
128.3700408936 291.3729553223 0.0443908721 0.0001264756 0.0017101376
179.0614318848 824.9315185547 0.0069526234 0.0001291262 0.0007012130
12.2839527130 586.5078735352 0.0282464139 0.0007466036 0.0025196290
215.5209655762 395.5888977051 0.0089753391 -0.0005582288 0.0035950942
239.5646057129 649.3991699219 0.0172690134 0.0023112297 0.0047759749
46.7809715271 130.3815002441 0.0318992399 -0.0003679778 0.0022536144
228.4314727783 423.4606933594 0.0121430885 0.0082416628 0.0127320318
212.4871673584 45.6949920654 0.0313626453 -0.0324448273 0.0359107479
278.2609558105 963.3201904297 0.0065647596 -0.0005243820 0.0127934506
246.4907684326 700.6630859375 0.0191976074 0.0000882728 0.0038462104
248.5448608398 582.3355102539 0.0334695689 -0.0022935562 0.0026038922
292.8312988281 154.8986358643 0.0031364849 -0.0013321784 0.0018972603
230.4895324707 641.3964843750 0.0288066640 0.0033294419 0.0032158829
279.4324951172 275.5367431641 0.0098374570 -0.0032389690 0.0023599137
119.4386291504 476.6849975586 0.0460586734 0.0007193099 0.0015810452
297.4497070312 134.4310760498 0.0062291916 -0.0004579187 0.0046917293
137.5269927979 50.4198951721 0.0317365602 0.0005778940 0.0023093615
33.5893096924 152.5061492920 0.0294041820 -0.0204056147 0.0164726414
46.5734977722 590.5685424805 0.0201368220 -0.0012369230 0.0041943085
271.6859130859 397.3294677734 0.0658854023 -0.0059214761 0.0017236695
201.5152282715 840.6771240234 0.0524004325 0.0221855883 0.0108009763
234.5979003906 656.5775146484 0.0323394984 0.0021248078 0.0010013276
185.5118103027 842.3333129883 0.0622657463 -0.0508394204 0.0426910631
250.4833984375 417.4734497070 0.0224837959 -0.0003461725 0.0031682039
294.3407592773 156.5408172607 0.0124977576 -0.0092913387 0.0127503173
28.5883026123 103.5515136719 0.0047880420 -0.0048620882 0.0110172397
253.4542083740 419.4894104004 0.0122676287 0.0011773382 0.0025611231
216.5824890137 597.5724487305 0.0173233524 0.0014342383 0.0008804081
211.4196014404 399.5315856934 0.0134739522 -0.0005286713 0.0051612090
234.6238861084 56.3599815369 0.0103548029 0.0018626449 0.0078414865
57.0542831421 695.0522460938 0.0026176923 0.0000749546 0.0007677409
24.4245033264 209.4535522461 0.0045855418 0.0023563704 0.0188390799
36.3628349304 834.4108276367 0.0437245294 0.0018253182 0.0018594523
241.5785369873 578.5097656250 0.0086403340 0.0000405211 0.0033608011
20.3206539154 471.3298034668 0.0173940007 0.0015516265 0.0046965680
243.4918670654 628.5999755859 0.0147499219 -0.0082565993 0.0095940679
166.4200897217 90.3825607300 0.0154780867 0.0003893062 0.0052973405
248.9519042969 458.6758422852 0.0043956395 -0.0022332175 0.0016580860
245.5944213867 700.5226440430 0.0047706054 0.0005537931 0.0025787228
299.5105590820 93.5837707520 0.0145843364 0.0005081341 0.0020961312
302.8385009766 164.9391784668 0.0068533886 -0.0006195657 0.0003729046
217.5194396973 610.3586425781 0.0179711562 0.0007416547 0.0045901723
111.4948501587 835.4435424805 0.0186555739 0.0002848796 0.0006210923
551.4449462891 196.6143493652 0.0091432901 0.0016599863 0.0081717912
219.0520324707 600.9940185547 0.0035566355 0.0000724272 0.0005509930
227.4249725342 55.4108428955 0.0074013118 -0.0008036770 0.0121420491
22.5061626434 401.6749267578 0.0130377803 0.0012803810 0.0025446180
134.3628845215 58.5231857300 0.0284465533 0.0007717673 0.0030377193
239.2551269531 452.5759887695 0.0183982812 -0.0071065594 0.0069197197
184.4607391357 841.5502319336 0.0024439637 -0.0030161382 0.0095715141
206.6980285645 632.4715576172 0.0170081202 0.0011570364 0.0009543489
230.6381988525 578.2800292969 0.0367021486 0.0005347350 0.0022428699
11.5563373566 856.6779174805 0.0341574438 0.0004676122 0.0024268287
256.4841918945 415.4955139160 0.0119224750 0.0028374691 0.0077730799
238.4916839600 641.5531616211 0.0141499247 0.0020921009 0.0058324118
20.3349323273 463.5220336914 0.0159251262 0.0015949160 0.0046311039
22.6301937103 321.5389709473 0.0199139025 0.0024101555 0.0042357720
235.7290344238 371.5863647461 0.0235847607 -0.0097561898 0.0071345549
11.5627431870 602.4697875977 0.0209240336 -0.0000454394 0.0014074986
11.4213342667 580.4812622070 0.0323028602 0.0011152116 0.0023980897
10.4958972931 860.2554931641 0.0379109979 0.0000329257 0.0019175397
245.5906677246 422.5323791504 0.0171311665 -0.0024095222 0.0051401947
33.2162742615 210.2677459717 0.0015480007 0.0000331745 0.0001979620
271.0213012695 521.0790405273 0.0048785200 0.0000533068 0.0001506503
248.9928131104 578.7718505859 0.0037169871 -0.0004064927 0.0006262404
213.6939239502 263.6770324707 0.0119439969 0.0000468937 0.0065720398
30.9274978638 198.9087371826 0.0023110681 0.0001221642 0.0003690633
66.3736877441 554.4491577148 0.0133792991 0.0029769843 0.0060434681
292.3968505859 947.7504272461 0.0346082635 -0.0004819536 0.0023041267
33.4861297607 103.4376220703 0.0144470017 -0.0083565284 0.0101473574
292.4220581055 943.7543945312 0.0446763523 0.0004795780 0.0017801087
230.9837646484 554.7700805664 0.0024842920 0.0000128587 0.0017562344
216.4024810791 588.2391967773 0.0388249680 0.0060501606 0.0030322229
237.5573120117 570.4473266602 0.0129419286 0.0004858957 0.0025337401
253.4817199707 683.5206909180 0.0288926456 0.0016028476 0.0010901766
11.4989967346 563.4261474609 0.0289531108 0.0001096132 0.0024914227
75.6858291626 643.5781250000 0.0126885865 -0.0000655158 0.0059730448
245.5303192139 418.5713195801 0.0168433879 -0.0018567280 0.0043165558
43.4112434387 162.5507812500 0.0139610041 -0.0015564610 0.0024666490
59.4081993103 689.3264770508 0.0207613390 -0.0009967308 0.0038114460
8.4870710373 633.5587768555 0.0187045690 0.0035040234 0.0054207724
225.1184844971 574.7968139648 0.0047144922 -0.0000388457 0.0004026651
251.4133758545 98.6736907959 0.0146010816 0.0000277430 0.0052749012
205.4580535889 787.4092407227 0.0106659122 0.0000511778 0.0080833361
65.3741683960 502.5894775391 0.0230262596 -0.0010121006 0.0037654664
85.4988708496 753.5478515625 0.0087758796 0.0016493374 0.0039031217
84.8081741333 585.5769653320 0.0135839460 0.0027267574 0.0059139216
27.3124485016 217.7036132812 0.0102301836 0.0014127877 0.0071171713
134.3213348389 50.5258674622 0.0245542899 0.0002493126 0.0035172030
44.5568885803 567.4891967773 0.0230461825 0.0005928784 0.0014559033
283.6079711914 522.6066894531 0.0514609925 -0.0012177164 0.0014671409
217.5616149902 571.5503540039 0.0308752824 -0.0012254466 0.0010649151
272.8267822266 522.7529907227 0.0025494567 -0.0000070454 0.0001164117
249.6169433594 636.4269409180 0.0103518963 -0.0052053062 0.0098856539
308.6972045898 306.8562316895 0.1010205373 0.0063881194 0.0004552488
121.5491104126 351.6072082520 0.0178116504 0.0008993400 0.0020240336
298.8137512207 121.1349258423 0.0033554425 0.0000251073 0.0005438827
241.4420623779 457.4408874512 0.0106543470 -0.0053184745 0.0039057990
185.3558044434 49.5509300232 0.0041116974 -0.0001924856 0.0038903416
9.7129020691 375.5286560059 0.0126418928 -0.0012988888 0.0058855275
62.4554977417 428.4925537109 0.0230536908 -0.0000453452 0.0037407712
45.4380187988 526.5502319336 0.0337180719 0.0035206962 0.0026846915
43.6348266602 129.6530456543 0.0217580162 -0.0029169177 0.0050631911
30.5621185303 97.4788742065 0.0051244237 -0.0030229108 0.0041916324
208.4618377686 962.4649047852 0.0028548064 0.0014077212 0.0047213207
21.5329685211 494.4320068359 0.0141395126 0.0003018325 0.0021527889
48.5792617798 186.8573913574 0.0120412735 0.0001083309 0.0003816677
195.5491027832 232.2030639648 0.0438346528 0.0006737969 0.0017796436
23.4101333618 576.5134887695 0.0147597771 0.0002468673 0.0054138997
295.3286437988 145.4849700928 0.0123977438 -0.0037126574 0.0033978228
247.4336090088 683.4462890625 0.0396719351 -0.0010441451 0.0021229633
15.5847434998 674.4854736328 0.0181134064 0.0001119938 0.0006762570
23.5301246643 340.4611206055 0.0176653694 0.0031717382 0.0046642385
48.4252357483 446.7521362305 0.0324654281 0.0005639209 0.0024507768
11.5984315872 487.5502319336 0.0140564358 -0.0021683038 0.0067908848
238.4980316162 672.3627929688 0.0474775359 0.0038937116 0.0017594236
236.2690887451 694.6466064453 0.0127824610 -0.0019618743 0.0062213126
59.6414260864 762.3662109375 0.0210347064 0.0013824642 0.0037127468
80.7421493530 668.6077880859 0.0120271491 -0.0018350517 0.0076010916
37.3392486572 151.4013671875 0.0112697762 0.0103674065 0.0157225020
85.3149185181 868.6203002930 0.0149210244 0.0017371646 0.0058375932
151.3405456543 44.3427772522 0.0234337859 0.0045601474 0.0042381664
21.4605293274 481.5105590820 0.0149695603 0.0002546132 0.0007919318
111.2809906006 437.6308898926 0.0076991450 -0.0011441084 0.0103158522
53.4497413635 547.3064575195 0.0143526308 0.0000636333 0.0053160652
243.3567352295 378.4881286621 0.0080238935 0.0001815076 0.0037307083
14.3196887970 78.3052368164 0.0179588087 0.0135837039 0.0152798016
55.5799522400 632.5191650391 0.0203076210 -0.0007020145 0.0038059836
82.4778366089 729.2891845703 0.0155422157 0.0003206737 0.0053916122
244.7168884277 469.6214294434 0.0103199361 -0.0002540496 0.0078136642
10.4886856079 467.4541015625 0.0098503688 0.0007737833 0.0013240889
109.3390121460 741.4715576172 0.0128574101 0.0013056586 0.0025434990
167.6719665527 123.4877700806 0.0252584349 -0.0001943780 0.0034654825
18.5152435303 535.5719604492 0.0228990335 0.0003551413 0.0013520692
71.4628677368 652.6672363281 0.0191754699 -0.0000752414 0.0043429309
115.5020065308 457.4388732910 0.0121766357 0.0007373585 0.0027511797
36.5928459167 830.4589233398 0.0410293601 0.0019460457 0.0019254930
50.5089035034 528.5923461914 0.0208944157 0.0005401641 0.0035930756
16.4179878235 586.5868530273 0.0492473021 0.0004748481 0.0015135815
21.3800182343 644.4081420898 0.0122913253 0.0005078759 0.0058632717
255.7106781006 604.5017089844 0.0190857016 0.0004123979 0.0036556534
19.5113964081 566.3063354492 0.0301955007 0.0002691533 0.0028094607
87.4613494873 506.4725341797 0.0097484188 0.0011556323 0.0032787672
105.6132049561 377.3765869141 0.0062886891 0.0008338867 0.0049783261
33.3970451355 208.4568023682 0.0049347789 0.0002625030 0.0069732233
575.4096679688 760.5103759766 0.0087907845 0.0000644687 0.0082093300
103.5854034424 855.3480224609 0.0156652387 0.0031100623 0.0051588905
272.4630737305 260.4898986816 0.0136622647 -0.0137803406 0.0190885440
255.5578918457 375.4871826172 0.0090067117 0.0060321386 0.0126317358
115.6214981079 576.3944702148 0.0308212321 0.0009291978 0.0027116011
552.4922485352 193.3928833008 0.0129094655 -0.0000177929 0.0058395993
14.7257642746 829.4092407227 0.0244578514 0.0030710110 0.0036098848
61.5050506592 703.4993286133 0.0342139006 0.0013104704 0.0027943866
113.6301269531 615.5372314453 0.0324979275 0.0007922464 0.0023284690
111.4496078491 621.4913330078 0.0147061963 0.0003429013 0.0009103421
287.4984130859 269.6337280273 0.0180515908 -0.0044296924 0.0056146602
22.8903198242 482.7210693359 0.0119884210 0.0002837601 0.0004038920
66.3585281372 786.3610839844 0.0134114139 -0.0000826258 0.0056245620
15.5000886917 564.4843139648 0.0491494723 0.0003242028 0.0015523836
237.3771972656 696.5687866211 0.0068866382 -0.0009042390 0.0045494856
113.4401779175 567.3725585938 0.0280286409 0.0031001919 0.0035648700
22.9857025146 461.0895080566 0.0108073428 0.0004335017 0.0004201519
246.8979187012 606.9544067383 0.0043488475 -0.0002994599 0.0004212693
11.6420307159 433.6076965332 0.0125533128 0.0009982887 0.0055609136
46.6050567627 595.5282592773 0.0218870249 -0.0017195240 0.0043261987
229.9014282227 586.1082763672 0.0011950326 -0.0000897124 0.0002512209
52.4695053101 221.5145416260 0.0464830510 0.0006935149 0.0016890577
47.5497016907 173.5119171143 0.0165079199 0.0003307571 0.0006878881
14.4216127396 460.4553527832 0.0296289176 0.0000577434 0.0010662144
113.4762268066 667.5216064453 0.0247729365 -0.0021104862 0.0031145215
24.2786407471 766.5028076172 0.0426068604 0.0002300359 0.0019491770
16.4778766632 876.5464477539 0.0147131709 0.0001233142 0.0007895346
199.1211547852 258.7569580078 0.0071707852 0.0000963728 0.0002687703
116.4949722290 571.7333374023 0.0387950651 0.0013888034 0.0019412374
47.0141181946 209.9329528809 0.0019458218 0.0000109353 0.0001428865
32.4651679993 464.5707702637 0.0182068478 -0.0010547059 0.0049034040
228.8913269043 585.0872802734 0.0022245203 -0.0000626241 0.0002815009
95.4664840698 680.5984497070 0.0138276936 -0.0003159809 0.0058430755
98.4167404175 815.5667724609 0.0151517317 -0.0007064300 0.0055226865
119.4675750732 372.5079345703 0.0186560154 0.0007933055 0.0007704230
11.6393051147 506.6660156250 0.0178901311 0.0036853962 0.0053776093
116.5234832764 453.4331665039 0.0146945808 0.0006423898 0.0021568055
13.4527540207 476.6450805664 0.0175993256 -0.0014138275 0.0046354053
25.4371414185 286.4390258789 0.0106414463 0.0031676237 0.0076414328
51.6839103699 948.5163574219 0.0128906416 -0.0026827222 0.0067793601
185.9058532715 769.6311035156 0.0032170012 0.0000741418 0.0000905993
52.3930053711 630.4977416992 0.0296668690 -0.0011308162 0.0029291816
24.2724971771 213.3601531982 0.0072673904 0.0024140843 0.0116243623
208.4267425537 766.3135986328 0.0146994498 0.0014137670 0.0010488358
287.4585876465 119.4483718872 0.0068560611 0.0017433630 0.0020464009
48.6250228882 175.0673370361 0.0082483031 0.0001013207 0.0005384723
267.5707092285 85.4969787598 0.0116913049 0.0011603264 0.0026561075
41.5618362427 187.4524383545 0.0427323878 0.0038162093 0.0010781323
147.6995849609 71.3314361572 0.0423727557 0.0031993142 0.0022091286
249.3699645996 471.5547180176 0.0098499972 -0.0019681244 0.0044095367
17.5625972748 887.4918823242 0.0205872152 0.0022051404 0.0039388752
113.4507369995 659.3972778320 0.0297338832 0.0000590883 0.0026788353
236.5545349121 761.2619628906 0.0257840957 0.0040478362 0.0017317913
191.5058288574 53.5121192932 0.0062486636 0.0066894582 0.0117827831
111.5738067627 588.3566894531 0.0162018333 -0.0004030394 0.0020352353
287.3757019043 119.0135192871 0.0047122156 0.0009819982 0.0013839296
110.4965438843 622.3258666992 0.0141980974 0.0005670994 0.0050018607
62.6855545044 570.3664550781 0.0162033271 -0.0004054221 0.0049745278
250.4537353516 409.5003662109 0.0081320424 -0.0012418091 0.0038068187
218.7023162842 241.5182800293 0.0122185294 -0.0067788437 0.0103393812
69.5096740723 913.5742797852 0.0127882035 -0.0000440966 0.0061206413
224.6620025635 703.6881103516 0.0064909668 -0.0004824083 0.0124217505
118.5798721313 529.6357421875 0.0500266962 0.0019615905 0.0015236846
39.1334342957 208.9131927490 0.0121243121 0.0004963374 0.0003766784
194.4534912109 509.6578674316 0.0204604082 0.0009009682 0.0038543569
27.4564514160 460.4713439941 0.0066987346 0.0000879732 0.0046658749
45.5419387817 869.4282836914 0.0051953210 -0.0004338746 0.0022509051
105.5062408447 781.6045532227 0.0266046226 -0.0022786139 0.0032015499
249.5691070557 596.4867553711 0.0556420721 0.0030397379 0.0016621840
49.4137191772 545.4556274414 0.0162660554 0.0013125387 0.0022352273
28.4465904236 124.7123794556 0.0123034334 -0.0059173619 0.0093480200
18.9727382660 662.6984252930 0.0103001390 0.0000270855 0.0004646000
111.5199432373 668.4437255859 0.0085999323 -0.0004945517 0.0015088920
208.5660552979 240.5052642822 0.0056951456 -0.0016126607 0.0056369221
39.6226043701 774.6030273438 0.0512566902 0.0024262911 0.0015353996
13.4829568863 276.4956054688 0.0077307979 -0.0010764506 0.0096093826
297.5936889648 120.5895156860 0.0174301658 0.0015491442 0.0041885604
49.2601547241 548.6747436523 0.0237423405 0.0020721108 0.0036950542
182.6279296875 57.4990081787 0.0053766002 -0.0023389175 0.0033536614
141.3743286133 79.5067214966 0.0511408336 -0.0001829921 0.0014631731
366.4198608398 143.5272064209 0.0083399098 0.0037915132 0.0109607615
51.5608901978 258.4393920898 0.0470432155 -0.0000681393 0.0015365615
35.3909873962 106.7349777222 0.0118421232 -0.0041038883 0.0085842907
141.6043243408 84.5502471924 0.0338754095 0.0004132033 0.0009438670
261.5973510742 269.4795837402 0.0098145530 -0.0035877032 0.0089726411
17.7749767303 958.5661621094 0.0208875220 0.0012368786 0.0037007930
246.2963562012 409.4059143066 0.0162324905 -0.0015505224 0.0050115902
130.6248626709 178.5763854980 0.0528619066 0.0018576484 0.0014706202
237.6707763672 605.5422973633 0.0487935357 -0.0028206173 0.0017000537
225.4355773926 632.4703979492 0.0149016250 -0.0022844882 0.0062089823
79.3072509766 552.5820312500 0.0083890567 -0.0014063246 0.0047843191
23.6575069427 754.5587158203 0.0228305217 0.0017210385 0.0015193593
70.5158843994 840.3846435547 0.0092159249 0.0018158528 0.0041135279
48.7260131836 863.2413940430 0.0115139941 0.0012790710 0.0074153724
101.3018035889 630.6364135742 0.0148217967 0.0015284648 0.0062336642
23.7085475922 736.5210571289 0.0355632938 -0.0016312379 0.0024293307
40.4544029236 191.4799499512 0.0236911960 0.0023789036 0.0008169296
47.3198013306 586.3442382812 0.0201081317 -0.0012300391 0.0042870031
17.5254859924 891.3783569336 0.0167889483 0.0016925802 0.0019363915
13.4686994553 383.5513305664 0.0126789855 -0.0015519282 0.0058416161
113.5398178101 638.5566406250 0.0262998566 0.0004529764 0.0011889301
14.2770376205 544.4291381836 0.0400774218 0.0024063541 0.0021037373
45.4165992737 513.5395507812 0.0270515997 0.0007129348 0.0011962955
191.4914703369 219.3546447754 0.0495385379 0.0024636076 0.0019067954
267.1225585938 85.1203536987 0.0023492093 0.0002287255 0.0008416550
280.4424133301 38.5605316162 0.0103390692 -0.0000278276 0.0030143103
15.5158624649 697.3150024414 0.0152826617 0.0011039154 0.0047321487
107.5263519287 576.5817260742 0.0210721400 0.0014824200 0.0016983437
54.2684974670 589.4118652344 0.0257330760 -0.0002087811 0.0030864845
21.5081157684 218.5641784668 0.0082398439 0.0015315360 0.0046968693
259.5014648438 372.5359191895 0.0066441949 0.0045487182 0.0151856346
210.5436859131 564.2864379883 0.0115174921 0.0010128620 0.0011581942
298.5192871094 105.2644577026 0.0325446278 0.0029648694 0.0026490812
90.2587890625 594.4664916992 0.0144463070 0.0017332281 0.0052703572
136.5886688232 279.2731323242 0.0375818796 0.0008089234 0.0022565427
23.6030960083 801.4057617188 0.0256391149 0.0020913873 0.0042063124
73.4862823486 767.3646850586 0.0130820675 0.0017638571 0.0059933062
166.3245544434 76.4308242798 0.0307222605 -0.0038183711 0.0032452084
83.6036071777 500.6257934570 0.0148994373 0.0008187571 0.0056535448
108.4598922729 546.4847412109 0.0116409091 -0.0015118591 0.0071528214
268.5599060059 668.6392211914 0.0251387898 -0.0050146226 0.0038500999
61.5377464294 325.5612182617 0.0115942713 0.0004200044 0.0065557510
43.7368888855 905.4384155273 0.0144980354 0.0010584621 0.0061578485
10.6165714264 576.4207763672 0.0278231967 0.0005448985 0.0011355882
11.6533517838 615.3927001953 0.0306354836 0.0002292861 0.0019813331
22.4386196136 398.3963623047 0.0163402725 0.0022334834 0.0052584796
12.2328090668 804.4084472656 0.0349699669 -0.0009277650 0.0021242998
32.5810585022 358.5627136230 0.0128024491 -0.0011330626 0.0062012714
51.4458847046 804.5273437500 0.0063267648 0.0011377619 0.0022417209
50.4881935120 865.7058105469 0.0114201335 0.0012679766 0.0072111883
68.7046432495 649.4638061523 0.0186423920 -0.0013489783 0.0043750941
232.9367523193 247.0789031982 0.0045236940 0.0037586864 0.0032899589
190.4018402100 845.6672363281 0.0094457492 -0.0088763749 0.0156528670
41.4090805054 147.4486999512 0.0036724175 -0.0013148361 0.0089279171
107.6372604370 581.3045043945 0.0405729301 0.0016966718 0.0020400074
87.7117538452 548.6144409180 0.0220107995 -0.0005645658 0.0042353277
72.5928802490 407.6250915527 0.0110041331 0.0012009947 0.0080495328
97.6037597656 409.4216308594 0.0111641027 0.0002199482 0.0073297354
183.5357971191 714.6935424805 0.0358698852 0.0024204561 0.0022874193
138.5019378662 192.4042968750 0.0380640067 0.0004175204 0.0019513890
71.3194732666 32.4739265442 0.0095320558 0.0025688088 0.0098890057
274.6353454590 635.5327758789 0.0403769724 0.0011151864 0.0017830300
102.2308044434 410.4925537109 0.0168536697 0.0007639834 0.0050509293
48.5108985901 554.3762817383 0.0332983434 0.0011919216 0.0025551077
12.4783926010 964.7152709961 0.0179755818 -0.0019512825 0.0043972488
105.4208068848 656.5422363281 0.0334757939 -0.0007821125 0.0026452306
284.4983825684 294.4102783203 0.0594048612 -0.0034415347 0.0014558169
30.8888092041 185.0943145752 0.0014166473 0.0000680715 0.0004899105
23.5385494232 742.3526611328 0.0419376269 0.0003172385 0.0017111172
72.6910858154 685.0590209961 0.0025371732 -0.0004541883 0.0008948322
91.7377319336 691.4732666016 0.0164019205 -0.0003426466 0.0044985088
184.3838348389 44.2393722534 0.0097297616 0.0035265584 0.0098159947
116.9306793213 494.7738952637 0.0093583232 0.0004480277 0.0005329090
256.4738769531 679.6646728516 0.0211244002 -0.0018732335 0.0040061199
203.4933471680 959.4505615234 0.0034993673 0.0016639448 0.0041830665
17.5493793488 613.6162109375 0.0351421311 0.0013097998 0.0023925607
45.3440361023 863.5704956055 0.0111318277 0.0010939582 0.0063111596
115.4526901245 603.4808349609 0.0311094299 0.0004690062 0.0011776724
102.6969680786 697.6736450195 0.0240589678 0.0007174205 0.0036431022
250.5782928467 628.3164672852 0.0143347858 -0.0006401845 0.0022325292
268.7717590332 813.2468261719 0.0083689271 0.0007844879 0.0006232718
116.6282577515 407.1322937012 0.0120283607 0.0006720324 0.0004829656
66.4349136353 539.4968261719 0.0089383190 0.0005202392 0.0034757406
56.4111824036 764.4855346680 0.0115080420 0.0013860748 0.0031992400
70.5707321167 878.7045288086 0.0178196672 0.0005196724 0.0046577444
90.4893493652 671.5858154297 0.0102122836 -0.0005119569 0.0027487031
15.4101734161 356.2406005859 0.0129322242 0.0005171135 0.0070045600
224.6641082764 837.5945434570 0.0263290834 0.0269268136 0.0302074756
64.5178756714 650.5222167969 0.0170733128 -0.0002926519 0.0050172643
178.8147430420 817.3073120117 0.0114017334 0.0003265639 0.0005027404
230.4826354980 704.5695800781 0.0089791762 -0.0010830588 0.0091682645
80.5754165649 530.3750000000 0.0179329328 0.0011925715 0.0044394424
68.5367813110 676.4667358398 0.0180044174 0.0058037937 0.0080294311
105.5322189331 877.5126953125 0.0220197849 -0.0000683127 0.0006230174
284.5298461914 565.4898071289 0.0380116515 0.0005852498 0.0018418788
91.5248184204 921.6118774414 0.0105792386 -0.0006390359 0.0077470927
199.1922302246 289.1685485840 0.0063009360 0.0003595988 0.0003377475
92.5648269653 464.3892517090 0.0123946238 -0.0021032882 0.0065935422
196.3262023926 795.5137939453 0.0146310832 0.0014600116 0.0056346683
81.4969787598 700.5432128906 0.0053823767 -0.0007084880 0.0027564252
22.6104984283 269.2170715332 0.0134077985 -0.0003168287 0.0058644805
34.5791435242 234.4795379639 0.0086849574 0.0002993905 0.0037027909
279.6232910156 284.4202575684 0.0412155688 -0.0040242155 0.0021473027
120.5097274780 378.4364318848 0.0315439962 0.0018917698 0.0010779300
24.3634948730 181.6504211426 0.0105426246 -0.0018918612 0.0079438426
77.4271392822 816.4722290039 0.0159169417 -0.0002244287 0.0042288527
62.8448638916 424.4444274902 0.0251284707 0.0004065766 0.0030119515
40.6491889954 906.5014038086 0.0164795015 0.0004078331 0.0053742388
33.2266540527 186.5485229492 0.0009664575 0.0000625424 0.0003904831
247.1936798096 651.1227416992 0.0032694794 -0.0004573567 0.0007615400
62.5455589294 534.4987792969 0.0094519230 0.0011567021 0.0036446729
140.5546875000 107.3333282471 0.0321055017 0.0008015060 0.0023348029
181.0190734863 805.7064208984 0.0093564261 0.0004492533 0.0005212691
64.4441223145 822.4437866211 0.0107628405 0.0004660318 0.0027428651
48.5486717224 552.5613403320 0.0178333223 0.0007660510 0.0018234322
65.6675415039 908.5383911133 0.0142939659 -0.0009649001 0.0054319710
239.4631195068 758.4046020508 0.0269926321 0.0046684952 0.0035997904
48.4619827271 68.4684524536 0.0139096100 -0.0002340851 0.0008792065
252.7012023926 633.5950927734 0.0276027527 -0.0009015055 0.0027704663
303.6138610840 125.5652618408 0.0470096096 -0.0052202842 0.0021666405
47.5591468811 903.5430908203 0.0083740568 0.0001910180 0.0038156935
178.9372711182 831.3683471680 0.0054557007 -0.0000158277 0.0011141967
61.2091903687 465.4722290039 0.0238129143 -0.0002224293 0.0039879731
548.5173950195 185.5203552246 0.0068623479 -0.0002736947 0.0043335366
284.4151611328 557.1748657227 0.0438496731 -0.0007108511 0.0017235493
346.6643981934 205.5487670898 0.0270974357 0.0030185680 0.0031445522
46.6613388062 954.6442260742 0.0111756530 -0.0014731333 0.0069436091
294.7331237793 30.2809524536 0.0089605823 -0.0003370848 0.0091493847
200.8767700195 267.1179199219 0.0044557657 0.0001313094 0.0004629534
251.5601959229 103.6497268677 0.0141019570 -0.0015658196 0.0055191750
79.5047454834 694.5474243164 0.0196897835 -0.0004006994 0.0046225656
247.2954864502 252.5075683594 0.0251149889 -0.0270064734 0.0318808816
62.6675529480 785.3296508789 0.0147197656 -0.0002743044 0.0051900162
21.5404891968 719.5263061523 0.0194319207 0.0016907551 0.0054250620
224.5197753906 43.4181556702 0.0119800000 0.0118351290 0.0184692983
93.4927902222 862.5753784180 0.0106397821 -0.0019314584 0.0036505759
47.6642227173 759.5537719727 0.0204492174 0.0024679180 0.0035815863
219.7471618652 194.5612792969 0.0116911661 0.0003332975 0.0069465814
80.5174713135 502.4125671387 0.0086585945 0.0017682457 0.0037198123
373.0384521484 143.1878356934 0.0004463903 0.0001315793 0.0020550434
112.4985809326 353.4735107422 0.0180990640 0.0019338741 0.0049001747
226.3031921387 470.4135131836 0.0122934906 -0.0001722161 0.0070555978
365.5057067871 613.2991943359 0.0175894406 -0.0041738590 0.0051543536
269.4448547363 533.6764526367 0.0260909703 0.0000157722 0.0032623364
140.4611968994 174.6315002441 0.0482690968 0.0009382235 0.0015311657
246.5714569092 474.6401977539 0.0115713431 -0.0034986828 0.0075009493
112.5287322998 504.4277343750 0.0097068809 0.0002347387 0.0030841737
213.6706085205 960.4981689453 0.0033203231 0.0029969872 0.0123237632
118.5787963867 430.5263061523 0.0270118527 0.0007957228 0.0026325025
63.1897468567 690.7625122070 0.0022626738 -0.0001104323 0.0008176305
123.4666290283 303.5041503906 0.0175253507 -0.0005342243 0.0020560888
354.4984436035 609.5437011719 0.0051610512 -0.0008497855 0.0024014011
41.6284904480 629.4205932617 0.0486810580 0.0025721318 0.0017069484
38.5918388367 948.3519897461 0.0204497371 0.0002607655 0.0036306654
562.3415527344 258.4485473633 0.0100615397 0.0003634152 0.0078254929
91.5046997070 506.3305053711 0.0113299116 0.0008001016 0.0067642536
86.1767349243 602.3569335938 0.0124043701 0.0002133753 0.0076194154
169.5701904297 313.6495666504 0.0233215708 0.0001940507 0.0012282917
242.3016510010 46.4487342834 0.0194495711 0.0012136239 0.0042146263
386.4529724121 891.5078125000 0.0132747144 -0.0023046483 0.0065988097
360.5001831055 134.5541839600 0.0059702909 0.0018464278 0.0056326278
273.5864562988 674.5062255859 0.0404114574 -0.0003984936 0.0017483587
91.6975555420 696.4974365234 0.0157639366 0.0007648888 0.0047692638
286.4802246094 289.5606689453 0.0153402183 -0.0021671045 0.0010474018
273.5808105469 542.4552001953 0.0200967602 -0.0000700055 0.0036220627
79.4320678711 874.4916992188 0.0191345364 -0.0004413958 0.0044385004
263.5209350586 363.4229736328 0.0069544911 -0.0033978545 0.0063923821
236.3748474121 711.1980590820 0.0084327953 0.0001956647 0.0096376790
68.6839294434 518.4042968750 0.0247443728 0.0006667111 0.0028317596
192.3677673340 755.6121826172 0.0126710646 -0.0009383736 0.0056809783
104.2226638794 604.5097656250 0.0105877090 0.0037602936 0.0089651346
441.4739685059 574.6869506836 0.0126423398 0.0014912654 0.0064483196
354.5598754883 144.4418182373 0.0040664389 -0.0006501749 0.0032232746
90.5922927856 729.8193969727 0.0263404232 -0.0006518477 0.0034047372
36.5667915344 913.4304199219 0.0321871415 0.0009375893 0.0009412376
135.5520629883 173.2896270752 0.0507764369 0.0023949782 0.0020260408
83.5298538208 533.8651123047 0.0116510987 0.0016054616 0.0076680467
324.4314880371 345.5267333984 0.0103996787 0.0005809847 0.0078761289
132.5173950195 404.4116821289 0.0384525806 0.0005807502 0.0021602109
298.9815368652 110.7521820068 0.0034450688 0.0002109799 0.0005499478
57.4898643494 859.6132812500 0.0053078029 -0.0018581263 0.0065277647
82.6254119873 773.4826660156 0.0085204775 -0.0001882703 0.0035536955
197.4342956543 754.4258422852 0.0134390974 -0.0004172191 0.0060526412
40.8089485168 177.0958251953 0.0061394805 0.0002892290 0.0007541607
10.5831604004 318.7649230957 0.0154191107 0.0001182077 0.0057254937
570.4160156250 273.4357910156 0.0179162957 -0.0008617232 0.0046760272
109.6596832275 566.4935913086 0.0237631612 0.0043010404 0.0040630260
102.8648529053 784.9697265625 0.0084743416 0.0006344058 0.0002568429
53.4377861023 869.6149291992 0.0128577016 0.0003783521 0.0061028432
265.2196350098 782.3450927734 0.0020687084 0.0001585877 0.0001477337
122.6370544434 821.4127197266 0.0459922701 0.0018296468 0.0018479039
62.2457466125 539.4249877930 0.0122536514 0.0016756721 0.0062694736
180.7578735352 799.2248535156 0.0138688767 0.0005421794 0.0003677807
137.4938659668 200.4352874756 0.0438252464 0.0015960177 0.0021148704
46.5747680664 805.4400634766 0.0124609172 0.0018375912 0.0062031564
353.5747375488 142.5601043701 0.0114729255 -0.0030134751 0.0072192997
422.4678344727 587.4353027344 0.0115292203 0.0010965369 0.0069943806
209.3963165283 58.5697402954 0.0067842021 0.0009473171 0.0118589429
184.6295776367 812.5140380859 0.0088462746 -0.0004127586 0.0035625359
74.6175079346 602.4396362305 0.0179822259 -0.0013169477 0.0044670738
307.0989685059 346.9113159180 0.1174455434 0.0063394378 0.0003823596
282.5434265137 748.6549682617 0.0216949265 0.0007833376 0.0033308326
73.4399185181 511.6311950684 0.0244557019 0.0015027281 0.0037072343
420.5917968750 492.6989440918 0.0130773364 0.0012173851 0.0061994153
39.4325714111 933.5565795898 0.0176718067 -0.0017966398 0.0045558270
268.9777221680 806.4014892578 0.0113695050 0.0008119182 0.0004981357
65.7345123291 620.5513916016 0.0107072191 0.0014778117 0.0075703785
223.4579772949 343.5227050781 0.0151664764 -0.0039847083 0.0062249410
64.4329681396 596.4601440430 0.0089099351 0.0007526153 0.0016402551
535.6335449219 396.6826477051 0.0091131618 -0.0019054781 0.0096904878
446.6162719727 802.4561157227 0.0102074575 -0.0002193206 0.0031695026
274.8233337402 336.7953491211 0.0050378651 -0.0002331126 0.0001506285
101.3707122803 873.5206909180 0.0181150082 -0.0036764313 0.0044868579
286.8461914062 289.3684387207 0.0105723664 -0.0018383169 0.0007842918
453.2886352539 369.5458984375 0.0114188800 0.0029802176 0.0079522636
573.5965576172 964.4735717773 0.0090739671 -0.0027581777 0.0087791663
68.7140045166 814.4225463867 0.0106646353 0.0000471901 0.0029201808
547.3611450195 583.4012451172 0.0067397552 0.0013224465 0.0049113785
20.4673213959 407.4931640625 0.0155392690 0.0012074091 0.0009545677
275.7277221680 829.3923950195 0.0524207987 0.0076118172 0.0025326402
122.4312591553 322.6268005371 0.0238209143 0.0009045550 0.0014540246
67.4860000610 573.4902954102 0.0106719509 0.0001442506 0.0069135716
268.5603637695 799.5228271484 0.0312704332 0.0015844530 0.0023352336
17.6805515289 544.3328857422 0.0318267792 0.0023071677 0.0024485346
361.0767211914 140.4779663086 0.0017082798 0.0006564567 0.0029544204
565.5172119141 725.4373779297 0.0068837549 -0.0012882473 0.0047106463
329.4172058105 150.4279174805 0.0098346509 0.0027119992 0.0038928229
374.7079772949 491.5900268555 0.0104676187 -0.0017198375 0.0081113074
261.4698486328 777.3692016602 0.0105291400 -0.0013134631 0.0075264466
86.5242233276 514.4757080078 0.0185417142 0.0022330747 0.0044650701
353.6103820801 872.5703125000 0.0173808169 0.0033821906 0.0054882495
45.6323738098 800.2962646484 0.0105839903 0.0032150755 0.0087645333
63.4924659729 976.5455322266 0.0107699260 -0.0013494082 0.0071115876
73.4244384766 538.6181030273 0.0088587683 0.0018796269 0.0083646830
237.5520629883 328.6607360840 0.0104193576 0.0018475079 0.0084452936
274.2728881836 266.3882751465 0.0193955190 -0.0159678143 0.0174918734
